#     Ultrasoft pseudopotential             : P 
#              by  GGA (PBE)  / scalar relativistic atomic calculation.
#
#     ---- valence electron configuration for constructing pp. ----
#      3S        3P        3D    
#      2.0000    3.0000    0.0000
#     ------------------------------
#C  706 (0.1502070609d+01 )   : R_cut_local-V
#L  0.8000000000d+02          : 1 / logarithmic mesh
#Z  0.5000000000d+01          : core charge         
#  r [ bohr ]        local potential 
  0.223599190324717d-03 -0.200000000000001d+01
  0.226411721904742d-03 -0.200000000000001d+01
  0.229259630776952d-03 -0.200000000000001d+01
  0.232143361932904d-03 -0.200000000000001d+01
  0.235063365961457d-03 -0.200000000000001d+01
  0.238020099119181d-03 -0.200000000000001d+01
  0.241014023401649d-03 -0.200000000000001d+01
  0.244045606615620d-03 -0.200000000000001d+01
  0.247115322452139d-03 -0.200000000000001d+01
  0.250223650560552d-03 -0.200000000000001d+01
  0.253371076623448d-03 -0.200000000000001d+01
  0.256558092432555d-03 -0.200000000000001d+01
  0.259785195965575d-03 -0.200000000000002d+01
  0.263052891464002d-03 -0.200000000000002d+01
  0.266361689511906d-03 -0.200000000000002d+01
  0.269712107115713d-03 -0.200000000000002d+01
  0.273104667784990d-03 -0.200000000000002d+01
  0.276539901614245d-03 -0.200000000000002d+01
  0.280018345365752d-03 -0.200000000000002d+01
  0.283540542553423d-03 -0.200000000000002d+01
  0.287107043527737d-03 -0.200000000000002d+01
  0.290718405561725d-03 -0.200000000000002d+01
  0.294375192938054d-03 -0.200000000000002d+01
  0.298077977037190d-03 -0.200000000000003d+01
  0.301827336426683d-03 -0.200000000000003d+01
  0.305623856951564d-03 -0.200000000000003d+01
  0.309468131825891d-03 -0.200000000000003d+01
  0.313360761725434d-03 -0.200000000000003d+01
  0.317302354881534d-03 -0.200000000000003d+01
  0.321293527176140d-03 -0.200000000000004d+01
  0.325334902238045d-03 -0.200000000000004d+01
  0.329427111540323d-03 -0.200000000000004d+01
  0.333570794499004d-03 -0.200000000000004d+01
  0.337766598572981d-03 -0.200000000000004d+01
  0.342015179365176d-03 -0.200000000000004d+01
  0.346317200724982d-03 -0.200000000000005d+01
  0.350673334851990d-03 -0.200000000000005d+01
  0.355084262401018d-03 -0.200000000000005d+01
  0.359550672588471d-03 -0.200000000000006d+01
  0.364073263300028d-03 -0.200000000000006d+01
  0.368652741199688d-03 -0.200000000000006d+01
  0.373289821840190d-03 -0.200000000000006d+01
  0.377985229774819d-03 -0.200000000000007d+01
  0.382739698670617d-03 -0.200000000000007d+01
  0.387553971423023d-03 -0.200000000000007d+01
  0.392428800271948d-03 -0.200000000000008d+01
  0.397364946919318d-03 -0.200000000000008d+01
  0.402363182648089d-03 -0.200000000000009d+01
  0.407424288442763d-03 -0.200000000000009d+01
  0.412549055111418d-03 -0.200000000000010d+01
  0.417738283409272d-03 -0.200000000000010d+01
  0.422992784163803d-03 -0.200000000000011d+01
  0.428313378401445d-03 -0.200000000000011d+01
  0.433700897475873d-03 -0.200000000000012d+01
  0.439156183197903d-03 -0.200000000000012d+01
  0.444680087967028d-03 -0.200000000000013d+01
  0.450273474904606d-03 -0.200000000000014d+01
  0.455937217988727d-03 -0.200000000000014d+01
  0.461672202190770d-03 -0.200000000000015d+01
  0.467479323613684d-03 -0.200000000000016d+01
  0.473359489632008d-03 -0.200000000000017d+01
  0.479313619033643d-03 -0.200000000000017d+01
  0.485342642163424d-03 -0.200000000000018d+01
  0.491447501068480d-03 -0.200000000000019d+01
  0.497629149645436d-03 -0.200000000000020d+01
  0.503888553789458d-03 -0.200000000000021d+01
  0.510226691545179d-03 -0.200000000000022d+01
  0.516644553259519d-03 -0.200000000000023d+01
  0.523143141736426d-03 -0.200000000000025d+01
  0.529723472393573d-03 -0.200000000000026d+01
  0.536386573421012d-03 -0.200000000000027d+01
  0.543133485941836d-03 -0.200000000000029d+01
  0.549965264174851d-03 -0.200000000000030d+01
  0.556882975599306d-03 -0.200000000000032d+01
  0.563887701121687d-03 -0.200000000000033d+01
  0.570980535244605d-03 -0.200000000000035d+01
  0.578162586237825d-03 -0.200000000000037d+01
  0.585434976311425d-03 -0.200000000000039d+01
  0.592798841791151d-03 -0.200000000000041d+01
  0.600255333295965d-03 -0.200000000000043d+01
  0.607805615917836d-03 -0.200000000000045d+01
  0.615450869403784d-03 -0.200000000000047d+01
  0.623192288340221d-03 -0.200000000000050d+01
  0.631031082339605d-03 -0.200000000000052d+01
  0.638968476229448d-03 -0.200000000000055d+01
  0.647005710243693d-03 -0.200000000000058d+01
  0.655144040216507d-03 -0.200000000000061d+01
  0.663384737778506d-03 -0.200000000000064d+01
  0.671729090555449d-03 -0.200000000000067d+01
  0.680178402369436d-03 -0.200000000000071d+01
  0.688733993442626d-03 -0.200000000000074d+01
  0.697397200603531d-03 -0.200000000000078d+01
  0.706169377495897d-03 -0.200000000000082d+01
  0.715051894790209d-03 -0.200000000000086d+01
  0.724046140397867d-03 -0.200000000000091d+01
  0.733153519688045d-03 -0.200000000000095d+01
  0.742375455707286d-03 -0.200000000000100d+01
  0.751713389401857d-03 -0.200000000000105d+01
  0.761168779842894d-03 -0.200000000000111d+01
  0.770743104454392d-03 -0.200000000000116d+01
  0.780437859244049d-03 -0.200000000000122d+01
  0.790254559037027d-03 -0.200000000000129d+01
  0.800194737712640d-03 -0.200000000000135d+01
  0.810259948444029d-03 -0.200000000000142d+01
  0.820451763940849d-03 -0.200000000000149d+01
  0.830771776695007d-03 -0.200000000000157d+01
  0.841221599229492d-03 -0.200000000000165d+01
  0.851802864350335d-03 -0.200000000000174d+01
  0.862517225401739d-03 -0.200000000000183d+01
  0.873366356524418d-03 -0.200000000000192d+01
  0.884351952917180d-03 -0.200000000000202d+01
  0.895475731101815d-03 -0.200000000000212d+01
  0.906739429191293d-03 -0.200000000000223d+01
  0.918144807161358d-03 -0.200000000000234d+01
  0.929693647125522d-03 -0.200000000000246d+01
  0.941387753613527d-03 -0.200000000000259d+01
  0.953228953853301d-03 -0.200000000000272d+01
  0.965219098056474d-03 -0.200000000000286d+01
  0.977360059707473d-03 -0.200000000000301d+01
  0.989653735856255d-03 -0.200000000000316d+01
  0.100210204741473d-02 -0.200000000000333d+01
  0.101470693945691d-02 -0.200000000000350d+01
  0.102747038152281d-02 -0.200000000000368d+01
  0.104039436792623d-02 -0.200000000000386d+01
  0.105348091806634d-02 -0.200000000000406d+01
  0.106673207674322d-02 -0.200000000000427d+01
  0.108014991447738d-02 -0.200000000000449d+01
  0.109373652783325d-02 -0.200000000000472d+01
  0.110749403974682d-02 -0.200000000000496d+01
  0.112142459985732d-02 -0.200000000000522d+01
  0.113553038484310d-02 -0.200000000000548d+01
  0.114981359876177d-02 -0.200000000000576d+01
  0.116427647339456d-02 -0.200000000000606d+01
  0.117892126859505d-02 -0.200000000000637d+01
  0.119375027264230d-02 -0.200000000000670d+01
  0.120876580259835d-02 -0.200000000000704d+01
  0.122397020467031d-02 -0.200000000000740d+01
  0.123936585457693d-02 -0.200000000000778d+01
  0.125495515791984d-02 -0.200000000000818d+01
  0.127074055055941d-02 -0.200000000000860d+01
  0.128672449899534d-02 -0.200000000000904d+01
  0.130290950075210d-02 -0.200000000000950d+01
  0.131929808476914d-02 -0.200000000000999d+01
  0.133589281179606d-02 -0.200000000001050d+01
  0.135269627479272d-02 -0.200000000001104d+01
  0.136971109933440d-02 -0.200000000001161d+01
  0.138693994402204d-02 -0.200000000001220d+01
  0.140438550089770d-02 -0.200000000001283d+01
  0.142205049586511d-02 -0.200000000001349d+01
  0.143993768911568d-02 -0.200000000001418d+01
  0.145804987555976d-02 -0.200000000001490d+01
  0.147638988526331d-02 -0.200000000001567d+01
  0.149496058389018d-02 -0.200000000001647d+01
  0.151376487314980d-02 -0.200000000001732d+01
  0.153280569125063d-02 -0.200000000001820d+01
  0.155208601335924d-02 -0.200000000001914d+01
  0.157160885206517d-02 -0.200000000002012d+01
  0.159137725785171d-02 -0.200000000002115d+01
  0.161139431957246d-02 -0.200000000002223d+01
  0.163166316493406d-02 -0.200000000002337d+01
  0.165218696098482d-02 -0.200000000002457d+01
  0.167296891460963d-02 -0.200000000002583d+01
  0.169401227303104d-02 -0.200000000002716d+01
  0.171532032431660d-02 -0.200000000002855d+01
  0.173689639789268d-02 -0.200000000003001d+01
  0.175874386506468d-02 -0.200000000003155d+01
  0.178086613954378d-02 -0.200000000003317d+01
  0.180326667798039d-02 -0.200000000003487d+01
  0.182594898050421d-02 -0.200000000003666d+01
  0.184891659127115d-02 -0.200000000003854d+01
  0.187217309901713d-02 -0.200000000004051d+01
  0.189572213761879d-02 -0.200000000004259d+01
  0.191956738666134d-02 -0.200000000004477d+01
  0.194371257201344d-02 -0.200000000004707d+01
  0.196816146640943d-02 -0.200000000004948d+01
  0.199291789003881d-02 -0.200000000005202d+01
  0.201798571114313d-02 -0.200000000005469d+01
  0.204336884662043d-02 -0.200000000005749d+01
  0.206907126263729d-02 -0.200000000006044d+01
  0.209509697524849d-02 -0.200000000006354d+01
  0.212145005102459d-02 -0.200000000006679d+01
  0.214813460768727d-02 -0.200000000007022d+01
  0.217515481475283d-02 -0.200000000007382d+01
  0.220251489418357d-02 -0.200000000007760d+01
  0.223021912104759d-02 -0.200000000008158d+01
  0.225827182418668d-02 -0.200000000008576d+01
  0.228667738689279d-02 -0.200000000009016d+01
  0.231544024759289d-02 -0.200000000009479d+01
  0.234456490054247d-02 -0.200000000009964d+01
  0.237405589652782d-02 -0.200000000010475d+01
  0.240391784357705d-02 -0.200000000011012d+01
  0.243415540768015d-02 -0.200000000011577d+01
  0.246477331351803d-02 -0.200000000012171d+01
  0.249577634520076d-02 -0.200000000012795d+01
  0.252716934701513d-02 -0.200000000013451d+01
  0.255895722418154d-02 -0.200000000014140d+01
  0.259114494362046d-02 -0.200000000014865d+01
  0.262373753472855d-02 -0.200000000015627d+01
  0.265674009016448d-02 -0.200000000016429d+01
  0.269015776664467d-02 -0.200000000017271d+01
  0.272399578574907d-02 -0.200000000018156d+01
  0.275825943473701d-02 -0.200000000019087d+01
  0.279295406737335d-02 -0.200000000020066d+01
  0.282808510476502d-02 -0.200000000021095d+01
  0.286365803620810d-02 -0.200000000022176d+01
  0.289967842004549d-02 -0.200000000023313d+01
  0.293615188453546d-02 -0.200000000024509d+01
  0.297308412873103d-02 -0.200000000025765d+01
  0.301048092337050d-02 -0.200000000027086d+01
  0.304834811177912d-02 -0.200000000028475d+01
  0.308669161078212d-02 -0.200000000029935d+01
  0.312551741162923d-02 -0.200000000031470d+01
  0.316483158093081d-02 -0.200000000033083d+01
  0.320464026160582d-02 -0.200000000034779d+01
  0.324494967384159d-02 -0.200000000036562d+01
  0.328576611606581d-02 -0.200000000038437d+01
  0.332709596593060d-02 -0.200000000040408d+01
  0.336894568130910d-02 -0.200000000042480d+01
  0.341132180130448d-02 -0.200000000044657d+01
  0.345423094727169d-02 -0.200000000046947d+01
  0.349767982385211d-02 -0.200000000049354d+01
  0.354167522002109d-02 -0.200000000051885d+01
  0.358622401014879d-02 -0.200000000054545d+01
  0.363133315507431d-02 -0.200000000057341d+01
  0.367700970319331d-02 -0.200000000060281d+01
  0.372326079155937d-02 -0.200000000063372d+01
  0.377009364699914d-02 -0.200000000066621d+01
  0.381751558724157d-02 -0.200000000070037d+01
  0.386553402206131d-02 -0.200000000073628d+01
  0.391415645443648d-02 -0.200000000077403d+01
  0.396339048172107d-02 -0.200000000081371d+01
  0.401324379683201d-02 -0.200000000085543d+01
  0.406372418945121d-02 -0.200000000089929d+01
  0.411483954724273d-02 -0.200000000094540d+01
  0.416659785708521d-02 -0.200000000099387d+01
  0.421900720631987d-02 -0.200000000104483d+01
  0.427207578401415d-02 -0.200000000109839d+01
  0.432581188224129d-02 -0.200000000115471d+01
  0.438022389737596d-02 -0.200000000121391d+01
  0.443532033140623d-02 -0.200000000127615d+01
  0.449110979326202d-02 -0.200000000134158d+01
  0.454760100016023d-02 -0.200000000141037d+01
  0.460480277896689d-02 -0.200000000148268d+01
  0.466272406757630d-02 -0.200000000155869d+01
  0.472137391630766d-02 -0.200000000163861d+01
  0.478076148931915d-02 -0.200000000172262d+01
  0.484089606603988d-02 -0.200000000181094d+01
  0.490178704261981d-02 -0.200000000190379d+01
  0.496344393339792d-02 -0.200000000200140d+01
  0.502587637238882d-02 -0.200000000210402d+01
  0.508909411478813d-02 -0.200000000221189d+01
  0.515310703849672d-02 -0.200000000232530d+01
  0.521792514566415d-02 -0.200000000244452d+01
  0.528355856425155d-02 -0.200000000256985d+01
  0.535001754961409d-02 -0.200000000270161d+01
  0.541731248610345d-02 -0.200000000284012d+01
  0.548545388869038d-02 -0.200000000298574d+01
  0.555445240460766d-02 -0.200000000313882d+01
  0.562431881501377d-02 -0.200000000329975d+01
  0.569506403667750d-02 -0.200000000346893d+01
  0.576669912368366d-02 -0.200000000364678d+01
  0.583923526916034d-02 -0.200000000383376d+01
  0.591268380702783d-02 -0.200000000403032d+01
  0.598705621376963d-02 -0.200000000423695d+01
  0.606236411022558d-02 -0.200000000445418d+01
  0.613861926340773d-02 -0.200000000468255d+01
  0.621583358833891d-02 -0.200000000492263d+01
  0.629401914991448d-02 -0.200000000517502d+01
  0.637318816478751d-02 -0.200000000544035d+01
  0.645335300327763d-02 -0.200000000571928d+01
  0.653452619130397d-02 -0.200000000601251d+01
  0.661672041234229d-02 -0.200000000632077d+01
  0.669994850940686d-02 -0.200000000664484d+01
  0.678422348705718d-02 -0.200000000698553d+01
  0.686955851342996d-02 -0.200000000734368d+01
  0.695596692229670d-02 -0.200000000772020d+01
  0.704346221514706d-02 -0.200000000811602d+01
  0.713205806329858d-02 -0.200000000853213d+01
  0.722176831003277d-02 -0.200000000896958d+01
  0.731260697275821d-02 -0.200000000942946d+01
  0.740458824520075d-02 -0.200000000991291d+01
  0.749772649962136d-02 -0.200000001042115d+01
  0.759203628906178d-02 -0.200000001095545d+01
  0.768753234961848d-02 -0.200000001151714d+01
  0.778422960274521d-02 -0.200000001210763d+01
  0.788214315758452d-02 -0.200000001272840d+01
  0.798128831332854d-02 -0.200000001338099d+01
  0.808168056160957d-02 -0.200000001406704d+01
  0.818333558892067d-02 -0.200000001478827d+01
  0.828626927906665d-02 -0.200000001554647d+01
  0.839049771564604d-02 -0.200000001634354d+01
  0.849603718456410d-02 -0.200000001718148d+01
  0.860290417657756d-02 -0.200000001806239d+01
  0.871111538987136d-02 -0.200000001898845d+01
  0.882068773266774d-02 -0.200000001996200d+01
  0.893163832586817d-02 -0.200000002098546d+01
  0.904398450572857d-02 -0.200000002206139d+01
  0.915774382656813d-02 -0.200000002319249d+01
  0.927293406351216d-02 -0.200000002438158d+01
  0.938957321526955d-02 -0.200000002563163d+01
  0.950767950694505d-02 -0.200000002694577d+01
  0.962727139288704d-02 -0.200000002832729d+01
  0.974836755957101d-02 -0.200000002977963d+01
  0.987098692851937d-02 -0.200000003130644d+01
  0.999514865925798d-02 -0.200000003291153d+01
  0.101208721523099d-01 -0.200000003459891d+01
  0.102481770522267d-01 -0.200000003637281d+01
  0.103770832506580d-01 -0.200000003823765d+01
  0.105076108894595d-01 -0.200000004019810d+01
  0.106397803638404d-01 -0.200000004225906d+01
  0.107736123255500d-01 -0.200000004442569d+01
  0.109091276861045d-01 -0.200000004670339d+01
  0.110463476200547d-01 -0.200000004909788d+01
  0.111852935682946d-01 -0.200000005161513d+01
  0.113259872414112d-01 -0.200000005426144d+01
  0.114684506230771d-01 -0.200000005704342d+01
  0.116127059734856d-01 -0.200000005996803d+01
  0.117587758328287d-01 -0.200000006304259d+01
  0.119066830248192d-01 -0.200000006627477d+01
  0.120564506602565d-01 -0.200000006967267d+01
  0.122081021406386d-01 -0.200000007324478d+01
  0.123616611618178d-01 -0.200000007700002d+01
  0.125171517177034d-01 -0.200000008094779d+01
  0.126745981040113d-01 -0.200000008509797d+01
  0.128340249220597d-01 -0.200000008946091d+01
  0.129954570826131d-01 -0.200000009404754d+01
  0.131589198097751d-01 -0.200000009886932d+01
  0.133244386449295d-01 -0.200000010393831d+01
  0.134920394507309d-01 -0.200000010926718d+01
  0.136617484151462d-01 -0.200000011486925d+01
  0.138335920555465d-01 -0.200000012075854d+01
  0.140075972228501d-01 -0.200000012694976d+01
  0.141837911057184d-01 -0.200000013345839d+01
  0.143622012348042d-01 -0.200000014030071d+01
  0.145428554870530d-01 -0.200000014749383d+01
  0.147257820900594d-01 -0.200000015505573d+01
  0.149110096264771d-01 -0.200000016300531d+01
  0.150985670384857d-01 -0.200000017136245d+01
  0.152884836323123d-01 -0.200000018014805d+01
  0.154807890828111d-01 -0.200000018938407d+01
  0.156755134381000d-01 -0.200000019909360d+01
  0.158726871242557d-01 -0.200000020930092d+01
  0.160723409500678d-01 -0.200000022003154d+01
  0.162745061118528d-01 -0.200000023131230d+01
  0.164792141983285d-01 -0.200000024317140d+01
  0.166864971955499d-01 -0.200000025563849d+01
  0.168963874919071d-01 -0.200000026874473d+01
  0.171089178831858d-01 -0.200000028252289d+01
  0.173241215776922d-01 -0.200000029700742d+01
  0.175420322014412d-01 -0.200000031223454d+01
  0.177626838034113d-01 -0.200000032824230d+01
  0.179861108608641d-01 -0.200000034507073d+01
  0.182123482847320d-01 -0.200000036276191d+01
  0.184414314250727d-01 -0.200000038136006d+01
  0.186733960765929d-01 -0.200000040091166d+01
  0.189082784842414d-01 -0.200000042146562d+01
  0.191461153488722d-01 -0.200000044307330d+01
  0.193869438329794d-01 -0.200000046578873d+01
  0.196308015665035d-01 -0.200000048966869d+01
  0.198777266527116d-01 -0.200000051477289d+01
  0.201277576741507d-01 -0.200000054116407d+01
  0.203809336986767d-01 -0.200000056890822d+01
  0.206372942855583d-01 -0.200000059807470d+01
  0.208968794916590d-01 -0.200000062873641d+01
  0.211597298776954d-01 -0.200000066097000d+01
  0.214258865145749d-01 -0.200000069485607d+01
  0.216953909898136d-01 -0.200000073047930d+01
  0.219682854140341d-01 -0.200000076792876d+01
  0.222446124275453d-01 -0.200000080729805d+01
  0.225244152070054d-01 -0.200000084868560d+01
  0.228077374721678d-01 -0.200000089219487d+01
  0.230946234927130d-01 -0.200000093793460d+01
  0.233851180951653d-01 -0.200000098601915d+01
  0.236792666698973d-01 -0.200000103656870d+01
  0.239771151782224d-01 -0.200000108970961d+01
  0.242787101595759d-01 -0.200000114557472d+01
  0.245840987387872d-01 -0.200000120430367d+01
  0.248933286334432d-01 -0.200000126604325d+01
  0.252064481613441d-01 -0.200000133094780d+01
  0.255235062480531d-01 -0.200000139917953d+01
  0.258445524345413d-01 -0.200000147090900d+01
  0.261696368849285d-01 -0.200000154631550d+01
  0.264988103943216d-01 -0.200000162558750d+01
  0.268321243967510d-01 -0.200000170892313d+01
  0.271696309732078d-01 -0.200000179653070d+01
  0.275113828597813d-01 -0.200000188862916d+01
  0.278574334558989d-01 -0.200000198544871d+01
  0.282078368326703d-01 -0.200000208723132d+01
  0.285626477413362d-01 -0.200000219423139d+01
  0.289219216218228d-01 -0.200000230671633d+01
  0.292857146114049d-01 -0.200000242496728d+01
  0.296540835534773d-01 -0.200000254927976d+01
  0.300270860064367d-01 -0.200000267996446d+01
  0.304047802526751d-01 -0.200000281734798d+01
  0.307872253076870d-01 -0.200000296177365d+01
  0.311744809292903d-01 -0.200000311360240d+01
  0.315666076269639d-01 -0.200000327321366d+01
  0.319636666713018d-01 -0.200000344100630d+01
  0.323657201035878d-01 -0.200000361739962d+01
  0.327728307454885d-01 -0.200000380283442d+01
  0.331850622088701d-01 -0.200000399777408d+01
  0.336024789057373d-01 -0.200000420270571d+01
  0.340251460582983d-01 -0.200000441814141d+01
  0.344531297091556d-01 -0.200000464461949d+01
  0.348864967316254d-01 -0.200000488270586d+01
  0.353253148401867d-01 -0.200000513299541d+01
  0.357696526010616d-01 -0.200000539611352d+01
  0.362195794429294d-01 -0.200000567271761d+01
  0.366751656677744d-01 -0.200000596349878d+01
  0.371364824618713d-01 -0.200000626918353d+01
  0.376036019069075d-01 -0.200000659053560d+01
  0.380765969912469d-01 -0.200000692835783d+01
  0.385555416213335d-01 -0.200000728349422d+01
  0.390405106332404d-01 -0.200000765683198d+01
  0.395315798043622d-01 -0.200000804930378d+01
  0.400288258652561d-01 -0.200000846189007d+01
  0.405323265116307d-01 -0.200000889562152d+01
  0.410421604164865d-01 -0.200000935158160d+01
  0.415584072424082d-01 -0.200000983090927d+01
  0.420811476540128d-01 -0.200001033480183d+01
  0.426104633305531d-01 -0.200001086451793d+01
  0.431464369786804d-01 -0.200001142138066d+01
  0.436891523453678d-01 -0.200001200678087d+01
  0.442386942309954d-01 -0.200001262218068d+01
  0.447951485026009d-01 -0.200001326911707d+01
  0.453586021072964d-01 -0.200001394920572d+01
  0.459291430858539d-01 -0.200001466414509d+01
  0.465068605864622d-01 -0.200001541572059d+01
  0.470918448786560d-01 -0.200001620580906d+01
  0.476841873674213d-01 -0.200001703638348d+01
  0.482839806074769d-01 -0.200001790951782d+01
  0.488913183177370d-01 -0.200001882739227d+01
  0.495062953959544d-01 -0.200001979229865d+01
  0.501290079335487d-01 -0.200002080664611d+01
  0.507595532306210d-01 -0.200002187296717d+01
  0.513980298111566d-01 -0.200002299392398d+01
  0.520445374384203d-01 -0.200002417231502d+01
  0.526991771305442d-01 -0.200002541108199d+01
  0.533620511763121d-01 -0.200002671331722d+01
  0.540332631511422d-01 -0.200002808227131d+01
  0.547129179332712d-01 -0.200002952136126d+01
  0.554011217201415d-01 -0.200003103417898d+01
  0.560979820449951d-01 -0.200003262450022d+01
  0.568036077936755d-01 -0.200003429629397d+01
  0.575181092216414d-01 -0.200003605373236d+01
  0.582415979711947d-01 -0.200003790120104d+01
  0.589741870889245d-01 -0.200003984331008d+01
  0.597159910433709d-01 -0.200004188490546d+01
  0.604671257429109d-01 -0.200004403108113d+01
  0.612277085538695d-01 -0.200004628719170d+01
  0.619978583188585d-01 -0.200004865886569d+01
  0.627776953753453d-01 -0.200005115201965d+01
  0.635673415744568d-01 -0.200005377287277d+01
  0.643669203000181d-01 -0.200005652796241d+01
  0.651765564878318d-01 -0.200005942416031d+01
  0.659963766451994d-01 -0.200006246868974d+01
  0.668265088706885d-01 -0.200006566914338d+01
  0.676670828741482d-01 -0.200006903350224d+01
  0.685182299969768d-01 -0.200007257015551d+01
  0.693800832326438d-01 -0.200007628792135d+01
  0.702527772474708d-01 -0.200008019606883d+01
  0.711364484016731d-01 -0.200008430434097d+01
  0.720312347706663d-01 -0.200008862297891d+01
  0.729372761666412d-01 -0.200009316274734d+01
  0.738547141604092d-01 -0.200009793496127d+01
  0.747836921035233d-01 -0.200010295151405d+01
  0.757243551506772d-01 -0.200010822490695d+01
  0.766768502823858d-01 -0.200011376828012d+01
  0.776413263279513d-01 -0.200011959544524d+01
  0.786179339887180d-01 -0.200012572091977d+01
  0.796068258616199d-01 -0.200013215996293d+01
  0.806081564630240d-01 -0.200013892861354d+01
  0.816220822528740d-01 -0.200014604372977d+01
  0.826487616591374d-01 -0.200015352303097d+01
  0.836883551025603d-01 -0.200016138514150d+01
  0.847410250217333d-01 -0.200016964963692d+01
  0.858069358984729d-01 -0.200017833709242d+01
  0.868862542835221d-01 -0.200018746913383d+01
  0.879791488225747d-01 -0.200019706849110d+01
  0.890857902826257d-01 -0.200020715905455d+01
  0.902063515786548d-01 -0.200021776593401d+01
  0.913410078006443d-01 -0.200022891552090d+01
  0.924899362409374d-01 -0.200024063555349d+01
  0.936533164219404d-01 -0.200025295518547d+01
  0.948313301241735d-01 -0.200026590505802d+01
  0.960241614146743d-01 -0.200027951737548d+01
  0.972319966757589d-01 -0.200029382598488d+01
  0.984550246341440d-01 -0.200030886645957d+01
  0.996934363904366d-01 -0.200032467618694d+01
  0.100947425448993d+00 -0.200034129446075d+01
  0.102217187748155d+00 -0.200035876257797d+01
  0.103502921690865d+00 -0.200037712394070d+01
  0.104804828175668d+00 -0.200039642416308d+01
  0.106123110628100d+00 -0.200041671118368d+01
  0.107457975032477d+00 -0.200043803538365d+01
  0.108809629964078d+00 -0.200046044971066d+01
  0.110178286621735d+00 -0.200048400980931d+01
  0.111564158860837d+00 -0.200050877415794d+01
  0.112967463226739d+00 -0.200053480421252d+01
  0.114388418988605d+00 -0.200056216455762d+01
  0.115827248173663d+00 -0.200059092306520d+01
  0.117284175601901d+00 -0.200062115106121d+01
  0.118759428921192d+00 -0.200065292350076d+01
  0.120253238642871d+00 -0.200068631915196d+01
  0.121765838177745d+00 -0.200072142078917d+01
  0.123297463872568d+00 -0.200075831539588d+01
  0.124848355046973d+00 -0.200079709437781d+01
  0.126418754030859d+00 -0.200083785378676d+01
  0.128008906202263d+00 -0.200088069455572d+01
  0.129619060025698d+00 -0.200092572274576d+01
  0.131249467090974d+00 -0.200097304980530d+01
  0.132900382152512d+00 -0.200102279284248d+01
  0.134572063169149d+00 -0.200107507491113d+01
  0.136264771344445d+00 -0.200113002531108d+01
  0.137978771167497d+00 -0.200118777990353d+01
  0.139714330454264d+00 -0.200124848144222d+01
  0.141471720389415d+00 -0.200131227992122d+01
  0.143251215568703d+00 -0.200137933293998d+01
  0.145053094041871d+00 -0.200144980608682d+01
  0.146877637356096d+00 -0.200152387334140d+01
  0.148725130599983d+00 -0.200160171749745d+01
  0.150595862448109d+00 -0.200168353060643d+01
  0.152490125206133d+00 -0.200176951444343d+01
  0.154408214856463d+00 -0.200185988099623d+01
  0.156350431104511d+00 -0.200195485297876d+01
  0.158317077425516d+00 -0.200205466436999d+01
  0.160308461111968d+00 -0.200215956097976d+01
  0.162324893321619d+00 -0.200226980104261d+01
  0.164366689126103d+00 -0.200238565584110d+01
  0.166434167560171d+00 -0.200250741036009d+01
  0.168527651671532d+00 -0.200263536397340d+01
  0.170647468571339d+00 -0.200276983116444d+01
  0.172793949485296d+00 -0.200291114228257d+01
  0.174967429805411d+00 -0.200305964433673d+01
  0.177168249142408d+00 -0.200321570182830d+01
  0.179396751378785d+00 -0.200337969762508d+01
  0.181653284722550d+00 -0.200355203387827d+01
  0.183938201761630d+00 -0.200373313298458d+01
  0.186251859518960d+00 -0.200392343859573d+01
  0.188594619508272d+00 -0.200412341667741d+01
  0.190966847790581d+00 -0.200433355662033d+01
  0.193368915031383d+00 -0.200455437240559d+01
  0.195801196558570d+00 -0.200478640382719d+01
  0.198264072421081d+00 -0.200503021777425d+01
  0.200757927448278d+00 -0.200528640957589d+01
  0.203283151310084d+00 -0.200555560441164d+01
  0.205840138577866d+00 -0.200583845879056d+01
  0.208429288786085d+00 -0.200613566210236d+01
  0.211051006494729d+00 -0.200644793824375d+01
  0.213705701352526d+00 -0.200677604732377d+01
  0.216393788160946d+00 -0.200712078745164d+01
  0.219115686939022d+00 -0.200748299661109d+01
  0.221871822988978d+00 -0.200786355462521d+01
  0.224662626962677d+00 -0.200826338521596d+01
  0.227488534928918d+00 -0.200868345816281d+01
  0.230349988441572d+00 -0.200912479156513d+01
  0.233247434608570d+00 -0.200958845421296d+01
  0.236181326161771d+00 -0.201007556807142d+01
  0.239152121527699d+00 -0.201058731088367d+01
  0.242160284899176d+00 -0.201112491889810d+01
  0.245206286307846d+00 -0.201168968972525d+01
  0.248290601697628d+00 -0.201228298533038d+01
  0.251413712999077d+00 -0.201290623516793d+01
  0.254576108204687d+00 -0.201356093946405d+01
  0.257778281445143d+00 -0.201424867265411d+01
  0.261020733066528d+00 -0.201497108698180d+01
  0.264303969708507d+00 -0.201572991626727d+01
  0.267628504383482d+00 -0.201652697985160d+01
  0.270994856556762d+00 -0.201736418672543d+01
  0.274403552227723d+00 -0.201824353984974d+01
  0.277855124011997d+00 -0.201916714067722d+01
  0.281350111224699d+00 -0.202013719388272d+01
  0.284889059964691d+00 -0.202115601231186d+01
  0.288472523199914d+00 -0.202222602215708d+01
  0.292101060853788d+00 -0.202334976837060d+01
  0.295775239892706d+00 -0.202452992032428d+01
  0.299495634414616d+00 -0.202576927772658d+01
  0.303262825738731d+00 -0.202707077680715d+01
  0.307077402496362d+00 -0.202843749677987d+01
  0.310939960722886d+00 -0.202987266659551d+01
  0.314851103950886d+00 -0.203137967199540d+01
  0.318811443304447d+00 -0.203296206287790d+01
  0.322821597594652d+00 -0.203462356098952d+01
  0.326882193416267d+00 -0.203636806795306d+01
  0.330993865245649d+00 -0.203819967364502d+01
  0.335157255539889d+00 -0.204012266493504d+01
  0.339373014837189d+00 -0.204214153479990d+01
  0.343641801858518d+00 -0.204426099182516d+01
  0.347964283610532d+00 -0.204648597010697d+01
  0.352341135489798d+00 -0.204882163956708d+01
  0.356773041388329d+00 -0.205127341669360d+01
  0.361260693800437d+00 -0.205384697571986d+01
  0.365804793930942d+00 -0.205654826025357d+01
  0.370406051804734d+00 -0.205938349536782d+01
  0.375065186377717d+00 -0.206235920016470d+01
  0.379782925649148d+00 -0.206548220082193d+01
  0.384560006775387d+00 -0.206875964413118d+01
  0.389397176185077d+00 -0.207219901153621d+01
  0.394295189695781d+00 -0.207580813367671d+01
  0.399254812632074d+00 -0.207959520544216d+01
  0.404276819945132d+00 -0.208356880153774d+01
  0.409361996333814d+00 -0.208773789256137d+01
  0.414511136367276d+00 -0.209211186158790d+01
  0.419725044609125d+00 -0.209670052125252d+01
  0.425004535743131d+00 -0.210151413132100d+01
  0.430350434700526d+00 -0.210656341672912d+01
  0.435763576788898d+00 -0.211185958606756d+01
  0.441244807822710d+00 -0.211741435048115d+01
  0.446794984255465d+00 -0.212323994294345d+01
  0.452414973313521d+00 -0.212934913785786d+01
  0.458105653131602d+00 -0.213575527092524d+01
  0.463867912890009d+00 -0.214247225920584d+01
  0.469702652953551d+00 -0.214951462128795d+01
  0.475610785012235d+00 -0.215689749745964d+01
  0.481593232223714d+00 -0.216463666976013d+01
  0.487650929357538d+00 -0.217274858176563d+01
  0.493784822941207d+00 -0.218125035793932d+01
  0.499995871408073d+00 -0.219015982234633d+01
  0.506285045247097d+00 -0.219949551650226d+01
  0.512653327154486d+00 -0.220927671608637d+01
  0.519101712187243d+00 -0.221952344620888d+01
  0.525631207918651d+00 -0.223025649487391d+01
  0.532242834595701d+00 -0.224149742422622d+01
  0.538937625298513d+00 -0.225326857910867d+01
  0.545716626101755d+00 -0.226559309238967d+01
  0.552580896238094d+00 -0.227849488644260d+01
  0.559531508263705d+00 -0.229199867007365d+01
  0.566569548225858d+00 -0.230612993009823d+01
  0.573696115832616d+00 -0.232091491665902d+01
  0.580912324624667d+00 -0.233638062125997d+01
  0.588219302149316d+00 -0.235255474635842d+01
  0.595618190136667d+00 -0.236946566521250d+01
  0.603110144678021d+00 -0.238714237052107d+01
  0.610696336406519d+00 -0.240561441021880d+01
  0.618377950680051d+00 -0.242491180859916d+01
  0.626156187766477d+00 -0.244506497073270d+01
  0.634032263031166d+00 -0.246610456792769d+01
  0.642007407126902d+00 -0.248806140174573d+01
  0.650082866186176d+00 -0.251096624383776d+01
  0.658259902015896d+00 -0.253484964860873d+01
  0.666539792294546d+00 -0.255974173545546d+01
  0.674923830771827d+00 -0.258567193705655d+01
  0.683413327470810d+00 -0.261266870993282d+01
  0.692009608892625d+00 -0.264075920324977d+01
  0.700714018223735d+00 -0.266996888161110d+01
  0.709527915545805d+00 -0.270032109740850d+01
  0.718452678048225d+00 -0.273183660816480d+01
  0.727489700243294d+00 -0.276453303425599d+01
  0.736640394184115d+00 -0.279842425244839d+01
  0.745906189685234d+00 -0.283351972086997d+01
  0.755288534546049d+00 -0.286982373138534d+01
  0.764788894777033d+00 -0.290733458590270d+01
  0.774408754828801d+00 -0.294604369395480d+01
  0.784149617824058d+00 -0.298593459001681d+01
  0.794013005792465d+00 -0.302698187050867d+01
  0.804000459908459d+00 -0.306915005233907d+01
  0.814113540732065d+00 -0.311239235724595d+01
  0.824353828452738d+00 -0.315664942913680d+01
  0.834722923136267d+00 -0.320184799519029d+01
  0.845222444974793d+00 -0.324789948569864d+01
  0.855854034539965d+00 -0.329469863254290d+01
  0.866619353039283d+00 -0.334212207181266d+01
  0.877520082575663d+00 -0.339002698238761d+01
  0.888557926410275d+00 -0.343824979922632d+01
  0.899734609228673d+00 -0.348660504753866d+01
  0.911051877410287d+00 -0.353488435176133d+01
  0.922511499301297d+00 -0.358285568104018d+01
  0.934115265490936d+00 -0.363026290037888d+01
  0.945864989091281d+00 -0.367682570326811d+01
  0.957762506020548d+00 -0.372224000687714d+01
  0.969809675289964d+00 -0.376617889407832d+01
  0.982008379294237d+00 -0.380829418689157d+01
  0.994360524105687d+00 -0.384821873252093d+01
  0.100686803977207d+01 -0.388556947511310d+01
  0.101953288061816d+01 -0.391995137283783d+01
  0.103235702555110d+01 -0.395096220011562d+01
  0.104534247836962d+01 -0.397819824825443d+01
  0.105849126807716d+01 -0.400126090417476d+01
  0.107180544919886d+01 -0.401976404651932d+01
  0.108528710210259d+01 -0.403334215203341d+01
  0.109893833332406d+01 -0.404165895410419d+01
  0.111276127589593d+01 -0.404441644192278d+01
  0.112675808968108d+01 -0.404136393578017d+01
  0.114093096171015d+01 -0.403230692508391d+01
  0.115528210652323d+01 -0.401711531484530d+01
  0.116981376651589d+01 -0.399573069792906d+01
  0.118452821228958d+01 -0.396817225844089d+01
  0.119942774300638d+01 -0.393454091985269d+01
  0.121451468674828d+01 -0.389502138238818d+01
  0.122979140088093d+01 -0.384988174889087d+01
  0.124526027242200d+01 -0.379947051611483d+01
  0.126092371841414d+01 -0.374421080636719d+01
  0.127678418630265d+01 -0.368459182805003d+01
  0.129284415431790d+01 -0.362115767679001d+01
  0.130910613186258d+01 -0.355449371472628d+01
  0.132557265990376d+01 -0.348521088783204d+01
  0.134224631136995d+01 -0.341392845545603d+01
  0.135912969155312d+01 -0.334125571169303d+01
  0.137622543851575d+01 -0.326777337901433d+01
  0.139353622350311d+01 -0.319401546175131d+01
  0.141106475136057d+01 -0.312045247914812d+01
  0.142881376095625d+01 -0.304747718132054d+01
  0.144678602560903d+01 -0.297539412002092d+01
  0.146498435352182d+01 -0.290441483722763d+01
  0.148341158822038d+01 -0.283466098516167d+01
  0.150207060899763d+01 -0.276617843080571d+01
  0.152096433136352d+01 -0.269896581224431d+01
  0.154009570750061d+01 -0.263300804748131d+01
  0.155946772672534d+01 -0.256828843507474d+01
  0.157908341595514d+01 -0.250479009979492d+01
  0.159894584018135d+01 -0.244249646737889d+01
  0.161905810294817d+01 -0.238139181077595d+01
  0.163942334683758d+01 -0.232146130943842d+01
  0.166004475396036d+01 -0.226269131020752d+01
  0.168092554645333d+01 -0.220506911900799d+01
  0.170206898698281d+01 -0.214858311796492d+01
  0.172347837925439d+01 -0.209322240405908d+01
  0.174515706852917d+01 -0.203897686703263d+01
  0.176710844214646d+01 -0.198583675233416d+01
  0.178933593005305d+01 -0.193379276773979d+01
  0.181184300533914d+01 -0.188283561519849d+01
  0.183463318478103d+01 -0.183295616407699d+01
  0.185771002939064d+01 -0.178414497225748d+01
  0.188107714497188d+01 -0.173639254253828d+01
  0.190473818268410d+01 -0.168968883795033d+01
  0.192869683961259d+01 -0.164402362439482d+01
  0.195295685934623d+01 -0.159938597709772d+01
  0.197752203256247d+01 -0.155576470510010d+01
  0.200239619761959d+01 -0.151314784289526d+01
  0.202758324115650d+01 -0.147152314880907d+01
  0.205308709869999d+01 -0.143087757617622d+01
  0.207891175527969d+01 -0.139119783624306d+01
  0.210506124605073d+01 -0.135246984524817d+01
  0.213153965692425d+01 -0.131467934206154d+01
  0.215835112520581d+01 -0.127781131027302d+01
  0.218549984024189d+01 -0.124185064063475d+01
  0.221299004407443d+01 -0.120678153015322d+01
  0.224082603210373d+01 -0.117258817919039d+01
  0.226901215375954d+01 -0.113925417214947d+01
  0.229755281318071d+01 -0.110676319953517d+01
  0.232645246990336d+01 -0.107509842145945d+01
  0.235571563955762d+01 -0.104424323580802d+01
  0.238534689457331d+01 -0.101418050616425d+01
  0.241535086489431d+01 -0.984893770905234d+00
  0.244573223870201d+01 -0.956365322378573d+00
  0.247649576314789d+01 -0.928579559341990d+00
  0.250764624509523d+01 -0.901518426777275d+00
  0.253918855187022d+01 -0.875166782324701d+00
  0.257112761202245d+01 -0.849507160729653d+00
  0.260346841609506d+01 -0.824524599509781d+00
  0.263621601740449d+01 -0.800202676211628d+00
  0.266937553283005d+01 -0.776526743259330d+00
  0.270295214361351d+01 -0.753481534418968d+00
  0.273695109616861d+01 -0.731053050732548d+00
  0.277137770290085d+01 -0.709227165351858d+00
  0.280623734303758d+01 -0.687990839721898d+00
  0.284153546346850d+01 -0.667331078814533d+00
  0.287727757959673d+01 -0.647235986766025d+00
  0.291346927620064d+01 -0.627693763477777d+00
  0.295011620830646d+01 -0.608693607179160d+00
  0.298722410207188d+01 -0.590225045768132d+00
  0.302479875568081d+01 -0.572278307023616d+00
  0.306284604024931d+01 -0.554844098170496d+00
  0.310137190074301d+01 -0.537913669992904d+00
  0.314038235690599d+01 -0.521478711618769d+00
  0.317988350420140d+01 -0.505531337652831d+00
  0.321988151476386d+01 -0.490063997811443d+00
  0.326038263836390d+01 -0.475069428957034d+00
  0.330139320338449d+01 -0.460540569163540d+00
  0.334291961780984d+01 -0.446470488420962d+00
  0.338496837022670d+01 -0.432852307035919d+00
  0.342754603083817d+01 -0.419679117271068d+00
  0.347065925249036d+01 -0.406943907899610d+00
  0.351431477171187d+01 -0.394639488776334d+00
  0.355851940976638d+01 -0.382758424370348d+00
  0.360328007371854d+01 -0.371292969829741d+00
  0.364860375751314d+01 -0.360235018623842d+00
  0.369449754306799d+01 -0.349576055289336d+00
  0.374096860138047d+01 -0.339307120058341d+00
  0.378802419364797d+01 -0.329418782076156d+00
  0.383567167240252d+01 -0.319901122773546d+00
  0.388391848265962d+01 -0.310743729819545d+00
  0.393277216308153d+01 -0.301935700885547d+00
  0.398224034715520d+01 -0.293465653878119d+00
  0.403233076438505d+01 -0.285321753139635d+00
  0.408305124150068d+01 -0.277491735442055d+00
  0.413440970367982d+01 -0.269962948111070d+00
  0.418641417578669d+01 -0.262722394719033d+00
  0.423907278362585d+01 -0.255756783438043d+00
  0.429239375521191d+01 -0.249052585135842d+00
  0.434638542205516d+01 -0.242596090893694d+00
  0.440105622046340d+01 -0.236373478927282d+00
  0.445641469286011d+01 -0.230370879868364d+00
  0.451246948911922d+01 -0.224574449538108d+00
  0.456922936791670d+01 -0.218970438911315d+00
  0.462670319809908d+01 -0.213545270510054d+00
  0.468489996006927d+01 -0.208285610353392d+00
  0.474382874718972d+01 -0.203178445279031d+00
  0.480349876720332d+01 -0.198211153901612d+00
  0.486391934367208d+01 -0.193371581701236d+00
  0.492509991743402d+01 -0.188648107532970d+00
  0.498705004807824d+01 -0.184029712697409d+00
  0.504977941543871d+01 -0.179506039061403d+00
  0.511329782110670d+01 -0.175067447786690d+00
  0.517761518996232d+01 -0.170705064885547d+00
  0.524274157172532d+01 -0.166410825125376d+00
  0.530868714252533d+01 -0.162177501105018d+00
  0.537546220649198d+01 -0.157998728335706d+00
  0.544307719736485d+01 -0.153869014847523d+00
  0.551154268012384d+01 -0.149783744689510d+00
  0.558086935263991d+01 -0.145739166657791d+00
  0.565106804734670d+01 -0.141732375367466d+00
  0.572214973293308d+01 -0.137761279731750d+00
  0.579412551605704d+01 -0.133824563030788d+00
  0.586700664308111d+01 -0.129921633902469d+00
  0.594080450182969d+01 -0.126052569029060d+00
  0.601553062336834d+01 -0.122218051205261d+00
  0.609119668380558d+01 -0.118419299942327d+00
  0.616781450611730d+01 -0.114658002307775d+00
  0.624539606199412d+01 -0.110936237599870d+00
  0.632395347371198d+01 -0.107256406927975d+00
  0.640349901602629d+01 -0.103621158044002d+00
  0.648404511808988d+01 -0.100033319081716d+00
  0.656560436539506d+01 -0.964958287680357d-01
  0.664818950174016d+01 -0.930116785668454d-01
  0.673181343122075d+01 -0.895838521037129d-01
  0.681648922024596d+01 -0.862152784611620d-01
  0.690223009958008d+01 -0.829087830586388d-01
  0.698904946640995d+01 -0.796670533202809d-01
  0.707696088643829d+01 -0.764926017445164d-01
  0.716597809600332d+01 -0.733877438430355d-01
  0.725611500422514d+01 -0.703545729082428d-01
  0.734738569517906d+01 -0.673949491354604d-01
  0.743980443009622d+01 -0.645104847433549d-01
  0.753338564959198d+01 -0.617025425779129d-01
  0.762814397592229d+01 -0.589722297626082d-01
  0.772409421526841d+01 -0.563204038091324d-01
  0.782125136005045d+01 -0.537476728138623d-01
  0.791963059126997d+01 -0.512544070930933d-01
  0.801924728088199d+01 -0.488407440162610d-01
  0.812011699419693d+01 -0.465066033568932d-01
  0.822225549231271d+01 -0.442516950744585d-01
  0.832567873457748d+01 -0.420755368465679d-01
  0.843040288108326d+01 -0.399774634062493d-01
  0.853644429519099d+01 -0.379566450332293d-01
  0.864381954608738d+01 -0.360120973656059d-01
  0.875254541137382d+01 -0.341426999348962d-01
  0.886263887968799d+01 -0.323472056639032d-01
  0.897411715335829d+01 -0.306242588045263d-01
  0.908699765109178d+01 -0.289724035876065d-01
  0.920129801069590d+01 -0.273901011510688d-01
  0.931703609183437d+01 -0.258757370143626d-01
  0.943422997881785d+01 -0.244276367646404d-01
  0.955289798342961d+01 -0.230440721876453d-01
  0.967305864778681d+01 -0.217232756143343d-01
  0.979473074723771d+01 -0.204634446562451d-01
  0.991793329329540d+01 -0.192627552103009d-01
  0.100426855366084d+02 -0.181193648266350d-01
  0.101690069699684d+02 -0.170314244323955d-01
  0.102969173313565d+02 -0.159970804112629d-01
  0.104264366070269d+02 -0.150144851449993d-01
  0.105575850346299d+02 -0.140817979133785d-01
  0.106903831063741d+02 -0.131971943716132d-01
  0.108248515722285d+02 -0.123588663927835d-01
  0.109610114431643d+02 -0.115650306058959d-01
  0.110988839944385d+02 -0.108139273048083d-01
  0.112384907689177d+02 -0.101038281744755d-01
  0.113798535804444d+02 -0.943303437330142d-02
  0.115229945172455d+02 -0.879988361294748d-02
  0.116679359453837d+02 -0.820274728043864d-02
  0.118147005122519d+02 -0.764003792393627d-02
  0.119633111501124d+02 -0.711020386302673d-02
  0.121137910796796d+02 -0.661173703954612d-02
  0.122661638137487d+02 -0.614316904249081d-02
  0.124204531608694d+02 -0.570307622072862d-02
  0.125766832290661d+02 -0.529007549241038d-02
  0.127348784296049d+02 -0.490282945869338d-02
  0.128950634808075d+02 -0.454004201531626d-02
  0.130572634119143d+02 -0.420046322309017d-02
  0.132215035669943d+02 -0.388288446335491d-02
  0.133878096089061d+02 -0.358614306784283d-02
  0.135562075233069d+02 -0.330911721404088d-02
  0.137267236227136d+02 -0.305073036510125d-02
  0.138993845506136d+02 -0.280994594671610d-02
  0.140742172856282d+02 -0.258577163547446d-02
  0.142512491457278d+02 -0.237725385394029d-02
  0.144305077925008d+02 -0.218348194050154d-02
  0.146120212354756d+02 -0.200358249444337d-02
  0.147958178364967d+02 -0.183672345608782d-02
  0.149819263141571d+02 -0.168210832970731d-02
  0.151703757482851d+02 -0.153898019896897d-02
  0.153611955844881d+02 -0.140661585229913d-02
  0.155544156387538d+02 -0.128432975559428d-02
  0.157500661021088d+02 -0.117146810184407d-02
  0.159481775453360d+02 -0.106741276049846d-02
  0.161487809237514d+02 -0.971575270995947d-03
  0.163519075820411d+02 -0.883400785722625d-03
  0.165575892591588d+02 -0.802362025585928d-03
  0.167658580932848d+02 -0.727963231561387d-03
  0.169767466268484d+02 -0.659734102317357d-03
  0.171902878116118d+02 -0.597233753822056d-03
  0.174065150138197d+02 -0.540044690241260d-03
  0.176254620194124d+02 -0.487776630004340d-03
  0.178471630393048d+02 -0.440061126026610d-03
  0.180716527147325d+02 -0.396553576105717d-03
  0.182989661226640d+02 -0.356934370433278d-03
  0.185291387812816d+02 -0.320887041528772d-03
  0.187622066555317d+02 -0.288176181550619d-03
  0.189982061627436d+02 -0.258493460675581d-03
  0.192371741783207d+02 -0.231587484307686d-03
  0.194791480415014d+02 -0.207246247088505d-03
  0.197241655611943d+02 -0.185240168133122d-03
  0.199722650218852d+02 -0.165355057033646d-03
  0.202234851896197d+02 -0.147408750925753d-03
  0.204778653180601d+02 -0.131234764306066d-03
  0.207354451546190d+02 -0.116676392523844d-03
  0.209962649466698d+02 -0.103591162792707d-03
  0.212603654478358d+02 -0.918449720943533d-04
  0.215277879243576d+02 -0.813166044330470d-04
  0.217985741615412d+02 -0.718919043789118d-04
  0.220727664702871d+02 -0.634683610103154d-04
  0.223504076937013d+02 -0.559493182067565d-04
  0.226315412137899d+02 -0.492486248504827d-04
  0.229162109582375d+02 -0.432848820628289d-04
  0.232044614072706d+02 -0.379861587297190d-04
  0.234963376006085d+02 -0.332842750142314d-04
  0.237918851445001d+02 -0.291195817966792d-04
  0.240911502188506d+02 -0.254352791483369d-04
  0.243941795844365d+02 -0.221822575207303d-04
  0.247010205902129d+02 -0.193134496585141d-04
  0.250117211807111d+02 -0.167887307647065d-04
  0.253263299035305d+02 -0.145693018632110d-04
  0.256448959169242d+02 -0.126226459447249d-04
  0.259674689974799d+02 -0.109169403181542d-04
  0.262940995478976d+02 -0.942606554010818d-05
  0.266248386048654d+02 -0.812404398068970d-05
  0.269597378470339d+02 -0.699009831587581d-05
  0.272988496030911d+02 -0.600311328879683d-05
  0.276422268599386d+02 -0.514674028762968d-05
  0.279899232709716d+02 -0.440387945000075d-05
  0.283419931644616d+02 -0.376182673745585d-05
  0.286984915520457d+02 -0.320677346865955d-05
  0.290594741373224d+02 -0.272899239981018d-05
  0.294249973245551d+02 -0.231735181555126d-05
  0.297951182274853d+02 -0.196453722392127d-05
  0.301698946782572d+02 -0.166157724337770d-05
  0.305493852364537d+02 -0.140309766762817d-05
  0.309336491982466d+02 -0.118185653898667d-05
  0.313227466056617d+02 -0.994027522534697d-06
  0.317167382559606d+02 -0.833741741723789d-06
  0.321156857111402d+02 -0.698397611183716d-06
  0.325196513075520d+02 -0.583207218622069d-06
  0.329286981656424d+02 -0.486529994870117d-06
  0.333428901998151d+02 -0.404421648137184d-06
  0.337622921284182d+02 -0.335989288213143d-06
  0.341869694838562d+02 -0.277941146193459d-06
  0.346169886228300d+02 -0.229961011033481d-06
  0.350524167367050d+02 -0.189257193884001d-06
  0.354933218620098d+02 -0.155954371240653d-06
  0.359397728910672d+02 -0.127640472991006d-06
  0.363918395827589d+02 -0.104774251804710d-06
  0.368495925734252d+02 -0.852289826318522d-07
  0.373131033879021d+02 -0.697142905004801d-07
  0.377824444506975d+02 -0.563157418799281d-07
  0.382576890973073d+02 -0.459296587084902d-07
  0.387389115856745d+02 -0.367978584603802d-07
  0.392261871077918d+02 -0.299543595292258d-07
  0.397195918014510d+02 -0.237546828936542d-07
  0.402192027621393d+02 -0.193335127111552d-07
  0.407250980550859d+02 -0.151281112771121d-07
  0.412373567274593d+02 -0.123461367822833d-07
  0.417560588207196d+02 -0.948284121732368d-08
  0.422812853831239d+02 -0.779836872221286d-08
  0.428131184823912d+02 -0.582850757192274d-08
  0.433516412185254d+02 -0.487089340515778d-08
  0.438969377367996d+02 -0.348917163257335d-08
  0.444490932409042d+02 -0.300761633321444d-08
  0.450081940062600d+02 -0.200862778833224d-08
  0.455743273934992d+02 -0.183534978458514d-08
  0.461475818621154d+02 -0.108248321993653d-08
  0.467280469842855d+02 -0.110654302001181d-08
  0.473158134588658d+02 -0.510012207770710d-09
  0.479109731255638d+02 -0.658928020229064d-09
  0.485136189792884d+02 -0.160435097519503d-09
  0.491238451846801d+02 -0.387428547449251d-09
  0.497417470908253d+02  0.346045013889522d-09
  0.503674212461537d+02  0.000000000000000d+00
  0.510009654135252d+02  0.346442237538052d-09
  0.516424785855048d+02  0.000000000000000d+00
  0.522920609998308d+02  0.346829701462829d-09
  0.529498141550770d+02  0.000000000000000d+00
  0.536158408265123d+02  0.347207627287730d-09
  0.542902450821589d+02  0.000000000000000d+00
  0.549731322990540d+02  0.347576162563225d-09
  0.556646091797146d+02  0.000000000000000d+00
  0.563647837688100d+02  0.347935638238541d-09
  0.570737654700443d+02  0.000000000000000d+00
  0.577916650632508d+02  0.348286235286040d-09
  0.585185947217014d+02  0.000000000000000d+00
  0.592546680296344d+02  0.348628178597482d-09
  0.600000000000015d+02  0.000000000000000d+00
