#     Ultrasoft pseudopotential             : S 
#              by  GGA (PBE)  / scalar relativistic atomic calculation.
#
#     ---- valence electron configuration for constructing pp. ----
#      3S        3P        3D    
#      2.0000    4.0000    0.0000
#     ------------------------------
#C  681 (0.1098938333E+01 )   : R_cut_local-V
#L  0.8000000000E+02          : 1 / logarithmic mesh
#Z  0.6000000000E+01          : core charge         
#  r [ bohr ]        local potential 
  0.223599190324711E-03 -0.500000000000005E+01
  0.226411721904736E-03 -0.500000000000005E+01
  0.229259630776946E-03 -0.500000000000006E+01
  0.232143361932898E-03 -0.500000000000006E+01
  0.235063365961451E-03 -0.500000000000006E+01
  0.238020099119175E-03 -0.500000000000006E+01
  0.241014023401643E-03 -0.500000000000007E+01
  0.244045606615614E-03 -0.500000000000007E+01
  0.247115322452133E-03 -0.500000000000007E+01
  0.250223650560545E-03 -0.500000000000008E+01
  0.253371076623442E-03 -0.500000000000008E+01
  0.256558092432548E-03 -0.500000000000009E+01
  0.259785195965568E-03 -0.500000000000009E+01
  0.263052891463996E-03 -0.500000000000010E+01
  0.266361689511899E-03 -0.500000000000010E+01
  0.269712107115706E-03 -0.500000000000010E+01
  0.273104667784983E-03 -0.500000000000011E+01
  0.276539901614238E-03 -0.500000000000012E+01
  0.280018345365744E-03 -0.500000000000012E+01
  0.283540542553416E-03 -0.500000000000013E+01
  0.287107043527729E-03 -0.500000000000014E+01
  0.290718405561718E-03 -0.500000000000014E+01
  0.294375192938046E-03 -0.500000000000015E+01
  0.298077977037182E-03 -0.500000000000016E+01
  0.301827336426675E-03 -0.500000000000017E+01
  0.305623856951557E-03 -0.500000000000017E+01
  0.309468131825884E-03 -0.500000000000018E+01
  0.313360761725426E-03 -0.500000000000019E+01
  0.317302354881526E-03 -0.500000000000020E+01
  0.321293527176132E-03 -0.500000000000021E+01
  0.325334902238037E-03 -0.500000000000022E+01
  0.329427111540315E-03 -0.500000000000023E+01
  0.333570794498996E-03 -0.500000000000025E+01
  0.337766598572972E-03 -0.500000000000026E+01
  0.342015179365168E-03 -0.500000000000027E+01
  0.346317200724974E-03 -0.500000000000029E+01
  0.350673334851981E-03 -0.500000000000030E+01
  0.355084262401009E-03 -0.500000000000032E+01
  0.359550672588462E-03 -0.500000000000033E+01
  0.364073263300019E-03 -0.500000000000035E+01
  0.368652741199679E-03 -0.500000000000037E+01
  0.373289821840181E-03 -0.500000000000039E+01
  0.377985229774810E-03 -0.500000000000041E+01
  0.382739698670608E-03 -0.500000000000043E+01
  0.387553971423013E-03 -0.500000000000045E+01
  0.392428800271938E-03 -0.500000000000047E+01
  0.397364946919307E-03 -0.500000000000050E+01
  0.402363182648079E-03 -0.500000000000052E+01
  0.407424288442753E-03 -0.500000000000055E+01
  0.412549055111408E-03 -0.500000000000058E+01
  0.417738283409261E-03 -0.500000000000061E+01
  0.422992784163792E-03 -0.500000000000064E+01
  0.428313378401435E-03 -0.500000000000067E+01
  0.433700897475862E-03 -0.500000000000070E+01
  0.439156183197892E-03 -0.500000000000074E+01
  0.444680087967017E-03 -0.500000000000078E+01
  0.450273474904595E-03 -0.500000000000082E+01
  0.455937217988716E-03 -0.500000000000086E+01
  0.461672202190758E-03 -0.500000000000090E+01
  0.467479323613673E-03 -0.500000000000095E+01
  0.473359489631996E-03 -0.500000000000100E+01
  0.479313619033631E-03 -0.500000000000105E+01
  0.485342642163412E-03 -0.500000000000110E+01
  0.491447501068468E-03 -0.500000000000116E+01
  0.497629149645424E-03 -0.500000000000122E+01
  0.503888553789446E-03 -0.500000000000128E+01
  0.510226691545167E-03 -0.500000000000135E+01
  0.516644553259506E-03 -0.500000000000142E+01
  0.523143141736413E-03 -0.500000000000149E+01
  0.529723472393560E-03 -0.500000000000157E+01
  0.536386573420999E-03 -0.500000000000165E+01
  0.543133485941822E-03 -0.500000000000173E+01
  0.549965264174837E-03 -0.500000000000182E+01
  0.556882975599292E-03 -0.500000000000191E+01
  0.563887701121672E-03 -0.500000000000201E+01
  0.570980535244591E-03 -0.500000000000211E+01
  0.578162586237810E-03 -0.500000000000222E+01
  0.585434976311411E-03 -0.500000000000234E+01
  0.592798841791136E-03 -0.500000000000246E+01
  0.600255333295950E-03 -0.500000000000258E+01
  0.607805615917821E-03 -0.500000000000271E+01
  0.615450869403768E-03 -0.500000000000285E+01
  0.623192288340205E-03 -0.500000000000300E+01
  0.631031082339589E-03 -0.500000000000315E+01
  0.638968476229432E-03 -0.500000000000332E+01
  0.647005710243677E-03 -0.500000000000349E+01
  0.655144040216491E-03 -0.500000000000366E+01
  0.663384737778489E-03 -0.500000000000385E+01
  0.671729090555432E-03 -0.500000000000405E+01
  0.680178402369418E-03 -0.500000000000426E+01
  0.688733993442608E-03 -0.500000000000448E+01
  0.697397200603514E-03 -0.500000000000471E+01
  0.706169377495879E-03 -0.500000000000495E+01
  0.715051894790191E-03 -0.500000000000520E+01
  0.724046140397848E-03 -0.500000000000547E+01
  0.733153519688026E-03 -0.500000000000575E+01
  0.742375455707267E-03 -0.500000000000604E+01
  0.751713389401838E-03 -0.500000000000635E+01
  0.761168779842875E-03 -0.500000000000668E+01
  0.770743104454372E-03 -0.500000000000702E+01
  0.780437859244030E-03 -0.500000000000738E+01
  0.790254559037007E-03 -0.500000000000776E+01
  0.800194737712619E-03 -0.500000000000816E+01
  0.810259948444008E-03 -0.500000000000857E+01
  0.820451763940828E-03 -0.500000000000901E+01
  0.830771776694986E-03 -0.500000000000948E+01
  0.841221599229471E-03 -0.500000000000996E+01
  0.851802864350313E-03 -0.500000000001047E+01
  0.862517225401717E-03 -0.500000000001101E+01
  0.873366356524395E-03 -0.500000000001157E+01
  0.884351952917158E-03 -0.500000000001217E+01
  0.895475731101792E-03 -0.500000000001279E+01
  0.906739429191270E-03 -0.500000000001345E+01
  0.918144807161335E-03 -0.500000000001414E+01
  0.929693647125499E-03 -0.500000000001486E+01
  0.941387753613503E-03 -0.500000000001562E+01
  0.953228953853277E-03 -0.500000000001642E+01
  0.965219098056450E-03 -0.500000000001727E+01
  0.977360059707448E-03 -0.500000000001815E+01
  0.989653735856229E-03 -0.500000000001908E+01
  0.100210204741470E-02 -0.500000000002006E+01
  0.101470693945688E-02 -0.500000000002109E+01
  0.102747038152279E-02 -0.500000000002217E+01
  0.104039436792621E-02 -0.500000000002331E+01
  0.105348091806632E-02 -0.500000000002450E+01
  0.106673207674320E-02 -0.500000000002576E+01
  0.108014991447735E-02 -0.500000000002708E+01
  0.109373652783322E-02 -0.500000000002847E+01
  0.110749403974680E-02 -0.500000000002993E+01
  0.112142459985729E-02 -0.500000000003146E+01
  0.113553038484307E-02 -0.500000000003307E+01
  0.114981359876174E-02 -0.500000000003477E+01
  0.116427647339453E-02 -0.500000000003655E+01
  0.117892126859502E-02 -0.500000000003843E+01
  0.119375027264227E-02 -0.500000000004040E+01
  0.120876580259832E-02 -0.500000000004247E+01
  0.122397020467027E-02 -0.500000000004465E+01
  0.123936585457690E-02 -0.500000000004694E+01
  0.125495515791981E-02 -0.500000000004934E+01
  0.127074055055938E-02 -0.500000000005187E+01
  0.128672449899531E-02 -0.500000000005453E+01
  0.130290950075207E-02 -0.500000000005733E+01
  0.131929808476911E-02 -0.500000000006027E+01
  0.133589281179603E-02 -0.500000000006336E+01
  0.135269627479269E-02 -0.500000000006661E+01
  0.136971109933436E-02 -0.500000000007002E+01
  0.138693994402201E-02 -0.500000000007361E+01
  0.140438550089766E-02 -0.500000000007739E+01
  0.142205049586507E-02 -0.500000000008135E+01
  0.143993768911564E-02 -0.500000000008552E+01
  0.145804987555972E-02 -0.500000000008991E+01
  0.147638988526327E-02 -0.500000000009452E+01
  0.149496058389014E-02 -0.500000000009937E+01
  0.151376487314976E-02 -0.500000000010446E+01
  0.153280569125059E-02 -0.500000000010982E+01
  0.155208601335920E-02 -0.500000000011545E+01
  0.157160885206513E-02 -0.500000000012137E+01
  0.159137725785166E-02 -0.500000000012759E+01
  0.161139431957242E-02 -0.500000000013413E+01
  0.163166316493401E-02 -0.500000000014101E+01
  0.165218696098477E-02 -0.500000000014824E+01
  0.167296891460959E-02 -0.500000000015584E+01
  0.169401227303099E-02 -0.500000000016383E+01
  0.171532032431655E-02 -0.500000000017222E+01
  0.173689639789264E-02 -0.500000000018106E+01
  0.175874386506463E-02 -0.500000000019034E+01
  0.178086613954373E-02 -0.500000000020010E+01
  0.180326667798034E-02 -0.500000000021036E+01
  0.182594898050416E-02 -0.500000000022114E+01
  0.184891659127110E-02 -0.500000000023248E+01
  0.187217309901708E-02 -0.500000000024440E+01
  0.189572213761874E-02 -0.500000000025693E+01
  0.191956738666129E-02 -0.500000000027010E+01
  0.194371257201339E-02 -0.500000000028395E+01
  0.196816146640938E-02 -0.500000000029851E+01
  0.199291789003876E-02 -0.500000000031381E+01
  0.201798571114307E-02 -0.500000000032991E+01
  0.204336884662038E-02 -0.500000000034682E+01
  0.206907126263724E-02 -0.500000000036460E+01
  0.209509697524844E-02 -0.500000000038330E+01
  0.212145005102453E-02 -0.500000000040295E+01
  0.214813460768722E-02 -0.500000000042361E+01
  0.217515481475277E-02 -0.500000000044533E+01
  0.220251489418352E-02 -0.500000000046816E+01
  0.223021912104753E-02 -0.500000000049216E+01
  0.225827182418662E-02 -0.500000000051739E+01
  0.228667738689273E-02 -0.500000000054392E+01
  0.231544024759283E-02 -0.500000000057181E+01
  0.234456490054241E-02 -0.500000000060113E+01
  0.237405589652776E-02 -0.500000000063195E+01
  0.240391784357699E-02 -0.500000000066435E+01
  0.243415540768009E-02 -0.500000000069841E+01
  0.246477331351796E-02 -0.500000000073422E+01
  0.249577634520070E-02 -0.500000000077186E+01
  0.252716934701507E-02 -0.500000000081144E+01
  0.255895722418147E-02 -0.500000000085304E+01
  0.259114494362040E-02 -0.500000000089677E+01
  0.262373753472849E-02 -0.500000000094275E+01
  0.265674009016441E-02 -0.500000000099109E+01
  0.269015776664460E-02 -0.500000000104190E+01
  0.272399578574901E-02 -0.500000000109532E+01
  0.275825943473694E-02 -0.500000000115148E+01
  0.279295406737328E-02 -0.500000000121052E+01
  0.282808510476495E-02 -0.500000000127258E+01
  0.286365803620803E-02 -0.500000000133783E+01
  0.289967842004542E-02 -0.500000000140642E+01
  0.293615188453538E-02 -0.500000000147853E+01
  0.297308412873095E-02 -0.500000000155434E+01
  0.301048092337042E-02 -0.500000000163403E+01
  0.304834811177904E-02 -0.500000000171781E+01
  0.308669161078204E-02 -0.500000000180588E+01
  0.312551741162915E-02 -0.500000000189847E+01
  0.316483158093073E-02 -0.500000000199580E+01
  0.320464026160574E-02 -0.500000000209813E+01
  0.324494967384151E-02 -0.500000000220570E+01
  0.328576611606572E-02 -0.500000000231879E+01
  0.332709596593052E-02 -0.500000000243768E+01
  0.336894568130901E-02 -0.500000000256266E+01
  0.341132180130439E-02 -0.500000000269405E+01
  0.345423094727161E-02 -0.500000000283218E+01
  0.349767982385202E-02 -0.500000000297738E+01
  0.354167522002100E-02 -0.500000000313004E+01
  0.358622401014870E-02 -0.500000000329052E+01
  0.363133315507421E-02 -0.500000000345923E+01
  0.367700970319321E-02 -0.500000000363658E+01
  0.372326079155927E-02 -0.500000000382303E+01
  0.377009364699904E-02 -0.500000000401904E+01
  0.381751558724148E-02 -0.500000000422510E+01
  0.386553402206121E-02 -0.500000000444173E+01
  0.391415645443638E-02 -0.500000000466946E+01
  0.396339048172097E-02 -0.500000000490887E+01
  0.401324379683191E-02 -0.500000000516055E+01
  0.406372418945111E-02 -0.500000000542513E+01
  0.411483954724262E-02 -0.500000000570328E+01
  0.416659785708510E-02 -0.500000000599569E+01
  0.421900720631976E-02 -0.500000000630310E+01
  0.427207578401404E-02 -0.500000000662626E+01
  0.432581188224118E-02 -0.500000000696599E+01
  0.438022389737585E-02 -0.500000000732315E+01
  0.443532033140612E-02 -0.500000000769861E+01
  0.449110979326190E-02 -0.500000000809332E+01
  0.454760100016011E-02 -0.500000000850827E+01
  0.460480277896677E-02 -0.500000000894450E+01
  0.466272406757618E-02 -0.500000000940309E+01
  0.472137391630754E-02 -0.500000000988519E+01
  0.478076148931903E-02 -0.500000001039201E+01
  0.484089606603976E-02 -0.500000001092481E+01
  0.490178704261969E-02 -0.500000001148493E+01
  0.496344393339779E-02 -0.500000001207377E+01
  0.502587637238869E-02 -0.500000001269280E+01
  0.508909411478800E-02 -0.500000001334357E+01
  0.515310703849659E-02 -0.500000001402770E+01
  0.521792514566402E-02 -0.500000001474691E+01
  0.528355856425141E-02 -0.500000001550299E+01
  0.535001754961395E-02 -0.500000001629784E+01
  0.541731248610332E-02 -0.500000001713344E+01
  0.548545388869024E-02 -0.500000001801188E+01
  0.555445240460751E-02 -0.500000001893535E+01
  0.562431881501363E-02 -0.500000001990618E+01
  0.569506403667736E-02 -0.500000002092678E+01
  0.576669912368351E-02 -0.500000002199970E+01
  0.583923526916019E-02 -0.500000002312763E+01
  0.591268380702768E-02 -0.500000002431340E+01
  0.598705621376947E-02 -0.500000002555995E+01
  0.606236411022542E-02 -0.500000002687042E+01
  0.613861926340758E-02 -0.500000002824807E+01
  0.621583358833875E-02 -0.500000002969636E+01
  0.629401914991432E-02 -0.500000003121890E+01
  0.637318816478734E-02 -0.500000003281950E+01
  0.645335300327747E-02 -0.500000003450217E+01
  0.653452619130380E-02 -0.500000003627110E+01
  0.661672041234212E-02 -0.500000003813073E+01
  0.669994850940669E-02 -0.500000004008570E+01
  0.678422348705701E-02 -0.500000004214090E+01
  0.686955851342979E-02 -0.500000004430146E+01
  0.695596692229652E-02 -0.500000004657281E+01
  0.704346221514688E-02 -0.500000004896060E+01
  0.713205806329840E-02 -0.500000005147081E+01
  0.722176831003259E-02 -0.500000005410972E+01
  0.731260697275802E-02 -0.500000005688392E+01
  0.740458824520056E-02 -0.500000005980036E+01
  0.749772649962117E-02 -0.500000006286632E+01
  0.759203628906158E-02 -0.500000006608947E+01
  0.768753234961828E-02 -0.500000006947787E+01
  0.778422960274502E-02 -0.500000007303999E+01
  0.788214315758432E-02 -0.500000007678474E+01
  0.798128831332833E-02 -0.500000008072147E+01
  0.808168056160937E-02 -0.500000008486004E+01
  0.818333558892046E-02 -0.500000008921079E+01
  0.828626927906644E-02 -0.500000009378460E+01
  0.839049771564583E-02 -0.500000009859290E+01
  0.849603718456388E-02 -0.500000010364772E+01
  0.860290417657735E-02 -0.500000010896169E+01
  0.871111538987115E-02 -0.500000011454811E+01
  0.882068773266751E-02 -0.500000012042093E+01
  0.893163832586794E-02 -0.500000012659485E+01
  0.904398450572834E-02 -0.500000013308529E+01
  0.915774382656790E-02 -0.500000013990849E+01
  0.927293406351192E-02 -0.500000014708150E+01
  0.938957321526931E-02 -0.500000015462226E+01
  0.950767950694481E-02 -0.500000016254963E+01
  0.962727139288680E-02 -0.500000017088342E+01
  0.974836755957076E-02 -0.500000017964446E+01
  0.987098692851912E-02 -0.500000018885467E+01
  0.999514865925773E-02 -0.500000019853706E+01
  0.101208721523096E-01 -0.500000020871586E+01
  0.102481770522264E-01 -0.500000021941649E+01
  0.103770832506577E-01 -0.500000023066573E+01
  0.105076108894592E-01 -0.500000024249169E+01
  0.106397803638401E-01 -0.500000025492394E+01
  0.107736123255497E-01 -0.500000026799355E+01
  0.109091276861042E-01 -0.500000028173322E+01
  0.110463476200544E-01 -0.500000029617728E+01
  0.111852935682943E-01 -0.500000031136185E+01
  0.113259872414109E-01 -0.500000032732489E+01
  0.114684506230768E-01 -0.500000034410630E+01
  0.116127059734853E-01 -0.500000036174805E+01
  0.117587758328284E-01 -0.500000038029424E+01
  0.119066830248189E-01 -0.500000039979123E+01
  0.120564506602562E-01 -0.500000042028776E+01
  0.122081021406383E-01 -0.500000044183508E+01
  0.123616611618175E-01 -0.500000046448705E+01
  0.125171517177031E-01 -0.500000048830031E+01
  0.126745981040110E-01 -0.500000051333438E+01
  0.128340249220593E-01 -0.500000053965185E+01
  0.129954570826128E-01 -0.500000056731851E+01
  0.131589198097748E-01 -0.500000059640352E+01
  0.133244386449291E-01 -0.500000062697960E+01
  0.134920394507305E-01 -0.500000065912317E+01
  0.136617484151459E-01 -0.500000069291460E+01
  0.138335920555461E-01 -0.500000072843835E+01
  0.140075972228497E-01 -0.500000076578323E+01
  0.141837911057181E-01 -0.500000080504259E+01
  0.143622012348038E-01 -0.500000084631458E+01
  0.145428554870526E-01 -0.500000088970236E+01
  0.147257820900590E-01 -0.500000093531438E+01
  0.149110096264767E-01 -0.500000098326468E+01
  0.150985670384853E-01 -0.500000103367311E+01
  0.152884836323119E-01 -0.500000108666567E+01
  0.154807890828107E-01 -0.500000114237483E+01
  0.156755134380996E-01 -0.500000120093984E+01
  0.158726871242553E-01 -0.500000126250709E+01
  0.160723409500674E-01 -0.500000132723047E+01
  0.162745061118524E-01 -0.500000139527177E+01
  0.164792141983281E-01 -0.500000146680105E+01
  0.166864971955495E-01 -0.500000154199711E+01
  0.168963874919067E-01 -0.500000162104790E+01
  0.171089178831854E-01 -0.500000170415099E+01
  0.173241215776917E-01 -0.500000179151411E+01
  0.175420322014408E-01 -0.500000188335561E+01
  0.177626838034109E-01 -0.500000197990504E+01
  0.179861108608637E-01 -0.500000208140370E+01
  0.182123482847315E-01 -0.500000218810529E+01
  0.184414314250722E-01 -0.500000230027647E+01
  0.186733960765924E-01 -0.500000241819758E+01
  0.189082784842409E-01 -0.500000254216336E+01
  0.191461153488717E-01 -0.500000267248360E+01
  0.193869438329789E-01 -0.500000280948400E+01
  0.196308015665030E-01 -0.500000295350695E+01
  0.198777266527111E-01 -0.500000310491237E+01
  0.201277576741502E-01 -0.500000326407864E+01
  0.203809336986761E-01 -0.500000343140350E+01
  0.206372942855578E-01 -0.500000360730511E+01
  0.208968794916585E-01 -0.500000379222304E+01
  0.211597298776948E-01 -0.500000398661938E+01
  0.214258865145743E-01 -0.500000419097989E+01
  0.216953909898130E-01 -0.500000440581525E+01
  0.219682854140335E-01 -0.500000463166228E+01
  0.222446124275447E-01 -0.500000486908530E+01
  0.225244152070048E-01 -0.500000511867757E+01
  0.228077374721673E-01 -0.500000538106274E+01
  0.230946234927124E-01 -0.500000565689639E+01
  0.233851180951647E-01 -0.500000594686772E+01
  0.236792666698967E-01 -0.500000625170121E+01
  0.239771151782218E-01 -0.500000657215847E+01
  0.242787101595753E-01 -0.500000690904015E+01
  0.245840987387866E-01 -0.500000726318787E+01
  0.248933286334426E-01 -0.500000763548642E+01
  0.252064481613434E-01 -0.500000802686587E+01
  0.255235062480524E-01 -0.500000843830395E+01
  0.258445524345406E-01 -0.500000887082850E+01
  0.261696368849279E-01 -0.500000932551998E+01
  0.264988103943209E-01 -0.500000980351420E+01
  0.268321243967504E-01 -0.500001030600515E+01
  0.271696309732072E-01 -0.500001083424800E+01
  0.275113828597806E-01 -0.500001138956218E+01
  0.278574334558982E-01 -0.500001197333472E+01
  0.282078368326696E-01 -0.500001258702367E+01
  0.285626477413355E-01 -0.500001323216178E+01
  0.289219216218221E-01 -0.500001391036028E+01
  0.292857146114042E-01 -0.500001462331293E+01
  0.296540835534766E-01 -0.500001537280021E+01
  0.300270860064359E-01 -0.500001616069381E+01
  0.304047802526743E-01 -0.500001698896124E+01
  0.307872253076862E-01 -0.500001785967076E+01
  0.311744809292896E-01 -0.500001877499657E+01
  0.315666076269631E-01 -0.500001973722415E+01
  0.319636666713010E-01 -0.500002074875604E+01
  0.323657201035870E-01 -0.500002181211777E+01
  0.327728307454877E-01 -0.500002292996419E+01
  0.331850622088692E-01 -0.500002410508605E+01
  0.336024789057364E-01 -0.500002534041698E+01
  0.340251460582974E-01 -0.500002663904080E+01
  0.344531297091547E-01 -0.500002800419917E+01
  0.348864967316245E-01 -0.500002943929973E+01
  0.353253148401858E-01 -0.500003094792450E+01
  0.357696526010607E-01 -0.500003253383887E+01
  0.362195794429285E-01 -0.500003420100094E+01
  0.366751656677735E-01 -0.500003595357140E+01
  0.371364824618703E-01 -0.500003779592386E+01
  0.376036019069066E-01 -0.500003973265576E+01
  0.380765969912459E-01 -0.500004176859981E+01
  0.385555416213326E-01 -0.500004390883599E+01
  0.390405106332394E-01 -0.500004615870425E+01
  0.395315798043612E-01 -0.500004852381773E+01
  0.400288258652551E-01 -0.500005101007676E+01
  0.405323265116297E-01 -0.500005362368353E+01
  0.410421604164854E-01 -0.500005637115753E+01
  0.415584072424071E-01 -0.500005925935172E+01
  0.420811476540117E-01 -0.500006229546963E+01
  0.426104633305520E-01 -0.500006548708321E+01
  0.431464369786793E-01 -0.500006884215169E+01
  0.436891523453666E-01 -0.500007236904135E+01
  0.442386942309942E-01 -0.500007607654631E+01
  0.447951485025997E-01 -0.500007997391037E+01
  0.453586021072952E-01 -0.500008407084997E+01
  0.459291430858527E-01 -0.500008837757837E+01
  0.465068605864610E-01 -0.500009290483093E+01
  0.470918448786549E-01 -0.500009766389184E+01
  0.476841873674201E-01 -0.500010266662210E+01
  0.482839806074757E-01 -0.500010792548893E+01
  0.488913183177358E-01 -0.500011345359676E+01
  0.495062953959531E-01 -0.500011926471972E+01
  0.501290079335475E-01 -0.500012537333578E+01
  0.507595532306197E-01 -0.500013179466270E+01
  0.513980298111553E-01 -0.500013854469571E+01
  0.520445374384190E-01 -0.500014564024722E+01
  0.526991771305429E-01 -0.500015309898842E+01
  0.533620511763107E-01 -0.500016093949312E+01
  0.540332631511408E-01 -0.500016918128373E+01
  0.547129179332698E-01 -0.500017784487961E+01
  0.554011217201401E-01 -0.500018695184788E+01
  0.560979820449937E-01 -0.500019652485681E+01
  0.568036077936740E-01 -0.500020658773191E+01
  0.575181092216399E-01 -0.500021716551487E+01
  0.582415979711933E-01 -0.500022828452550E+01
  0.589741870889230E-01 -0.500023997242681E+01
  0.597159910433693E-01 -0.500025225829337E+01
  0.604671257429093E-01 -0.500026517268320E+01
  0.612277085538680E-01 -0.500027874771320E+01
  0.619978583188569E-01 -0.500029301713854E+01
  0.627776953753437E-01 -0.500030801643591E+01
  0.635673415744552E-01 -0.500032378289114E+01
  0.643669203000165E-01 -0.500034035569119E+01
  0.651765564878301E-01 -0.500035777602072E+01
  0.659963766451977E-01 -0.500037608716373E+01
  0.668265088706868E-01 -0.500039533461015E+01
  0.676670828741465E-01 -0.500041556616796E+01
  0.685182299969750E-01 -0.500043683208088E+01
  0.693800832326420E-01 -0.500045918515209E+01
  0.702527772474690E-01 -0.500048268087413E+01
  0.711364484016712E-01 -0.500050737756539E+01
  0.720312347706645E-01 -0.500053333651348E+01
  0.729372761666394E-01 -0.500056062212588E+01
  0.738547141604073E-01 -0.500058930208808E+01
  0.747836921035214E-01 -0.500061944752980E+01
  0.757243551506753E-01 -0.500065113319954E+01
  0.766768502823838E-01 -0.500068443764787E+01
  0.776413263279493E-01 -0.500071944342007E+01
  0.786179339887160E-01 -0.500075623725832E+01
  0.796068258616178E-01 -0.500079491031416E+01
  0.806081564630219E-01 -0.500083555837156E+01
  0.816220822528719E-01 -0.500087828208127E+01
  0.826487616591353E-01 -0.500092318720683E+01
  0.836883551025582E-01 -0.500097038488300E+01
  0.847410250217311E-01 -0.500101999188714E+01
  0.858069358984707E-01 -0.500107213092419E+01
  0.868862542835199E-01 -0.500112693092585E+01
  0.879791488225724E-01 -0.500118452736483E+01
  0.890857902826234E-01 -0.500124506258479E+01
  0.902063515786525E-01 -0.500130868614672E+01
  0.913410078006420E-01 -0.500137555519267E+01
  0.924899362409351E-01 -0.500144583482762E+01
  0.936533164219381E-01 -0.500151969852040E+01
  0.948313301241711E-01 -0.500159732852456E+01
  0.960241614146719E-01 -0.500167891632023E+01
  0.972319966757564E-01 -0.500176466307794E+01
  0.984550246341415E-01 -0.500185478014551E+01
  0.996934363904341E-01 -0.500194948955911E+01
  0.100947425448990E+00 -0.500204902457971E+01
  0.102217187748152E+00 -0.500215363025606E+01
  0.103502921690862E+00 -0.500226356401561E+01
  0.104804828175665E+00 -0.500237909628469E+01
  0.106123110628097E+00 -0.500250051113925E+01
  0.107457975032474E+00 -0.500262810698781E+01
  0.108809629964075E+00 -0.500276219728810E+01
  0.110178286621732E+00 -0.500290311129897E+01
  0.111564158860834E+00 -0.500305119486931E+01
  0.112967463226736E+00 -0.500320681126577E+01
  0.114388418988602E+00 -0.500337034204110E+01
  0.115827248173660E+00 -0.500354218794509E+01
  0.117284175601898E+00 -0.500372276988009E+01
  0.118759428921189E+00 -0.500391252990328E+01
  0.120253238642868E+00 -0.500411193227785E+01
  0.121765838177742E+00 -0.500432146457553E+01
  0.123297463872565E+00 -0.500454163883267E+01
  0.124848355046969E+00 -0.500477299276264E+01
  0.126418754030856E+00 -0.500501609102706E+01
  0.128008906202260E+00 -0.500527152656857E+01
  0.129619060025695E+00 -0.500553992200815E+01
  0.131249467090971E+00 -0.500582193110988E+01
  0.132900382152508E+00 -0.500611824031635E+01
  0.134572063169146E+00 -0.500642957035790E+01
  0.136264771344442E+00 -0.500675667793914E+01
  0.137978771167494E+00 -0.500710035750632E+01
  0.139714330454260E+00 -0.500746144309921E+01
  0.141471720389411E+00 -0.500784081029135E+01
  0.143251215568700E+00 -0.500823937822261E+01
  0.145053094041867E+00 -0.500865811172844E+01
  0.146877637356092E+00 -0.500909802356983E+01
  0.148725130599979E+00 -0.500956017676881E+01
  0.150595862448105E+00 -0.501004568705395E+01
  0.152490125206129E+00 -0.501055572542087E+01
  0.154408214856459E+00 -0.501109152081276E+01
  0.156350431104507E+00 -0.501165436292614E+01
  0.158317077425512E+00 -0.501224560514745E+01
  0.160308461111964E+00 -0.501286666762593E+01
  0.162324893321615E+00 -0.501351904048876E+01
  0.164366689126099E+00 -0.501420428720455E+01
  0.166434167560166E+00 -0.501492404810141E+01
  0.168527651671528E+00 -0.501568004404599E+01
  0.170647468571335E+00 -0.501647408029050E+01
  0.172793949485291E+00 -0.501730805049424E+01
  0.174967429805407E+00 -0.501818394092710E+01
  0.177168249142404E+00 -0.501910383486230E+01
  0.179396751378780E+00 -0.502006991716579E+01
  0.181653284722546E+00 -0.502108447909036E+01
  0.183938201761625E+00 -0.502214992328230E+01
  0.186251859518955E+00 -0.502326876900885E+01
  0.188594619508267E+00 -0.502444365761487E+01
  0.190966847790577E+00 -0.502567735821729E+01
  0.193368915031378E+00 -0.502697277364617E+01
  0.195801196558565E+00 -0.502833294664129E+01
  0.198264072421075E+00 -0.502976106631329E+01
  0.200757927448273E+00 -0.503126047487875E+01
  0.203283151310079E+00 -0.503283467467839E+01
  0.205840138577860E+00 -0.503448733548783E+01
  0.208429288786079E+00 -0.503622230213045E+01
  0.211051006494724E+00 -0.503804360240179E+01
  0.213705701352520E+00 -0.503995545531496E+01
  0.216393788160940E+00 -0.504196227967634E+01
  0.219115686939017E+00 -0.504406870300110E+01
  0.221871822988972E+00 -0.504627957077732E+01
  0.224662626962671E+00 -0.504859995608774E+01
  0.227488534928912E+00 -0.505103516959758E+01
  0.230349988441566E+00 -0.505359076991649E+01
  0.233247434608564E+00 -0.505627257434218E+01
  0.236181326161765E+00 -0.505908666999270E+01
  0.239152121527693E+00 -0.506203942533353E+01
  0.242160284899169E+00 -0.506513750210472E+01
  0.245206286307840E+00 -0.506838786765220E+01
  0.248290601697622E+00 -0.507179780766641E+01
  0.251413712999070E+00 -0.507537493932958E+01
  0.254576108204680E+00 -0.507912722487150E+01
  0.257778281445136E+00 -0.508306298553184E+01
  0.261020733066522E+00 -0.508719091592444E+01
  0.264303969708500E+00 -0.509152009879701E+01
  0.267628504383475E+00 -0.509606002017622E+01
  0.270994856556755E+00 -0.510082058488544E+01
  0.274403552227716E+00 -0.510581213241804E+01
  0.277855124011990E+00 -0.511104545314560E+01
  0.281350111224692E+00 -0.511653180483496E+01
  0.284889059964684E+00 -0.512228292944320E+01
  0.288472523199906E+00 -0.512831107015300E+01
  0.292101060853781E+00 -0.513462898860461E+01
  0.295775239892698E+00 -0.514124998227228E+01
  0.299495634414608E+00 -0.514818790192490E+01
  0.303262825738724E+00 -0.515545716910059E+01
  0.307077402496354E+00 -0.516307279351417E+01
  0.310939960722878E+00 -0.517105039030429E+01
  0.314851103950878E+00 -0.517940619701339E+01
  0.318811443304439E+00 -0.518815709017824E+01
  0.322821597594644E+00 -0.519732060139221E+01
  0.326882193416258E+00 -0.520691493268100E+01
  0.330993865245641E+00 -0.521695897101275E+01
  0.335157255539880E+00 -0.522747230173978E+01
  0.339373014837181E+00 -0.523847522074309E+01
  0.343641801858509E+00 -0.524998874502164E+01
  0.347964283610523E+00 -0.526203462143618E+01
  0.352341135489789E+00 -0.527463533328161E+01
  0.356773041388320E+00 -0.528781410432213E+01
  0.361260693800428E+00 -0.530159489987980E+01
  0.365804793930932E+00 -0.531600242451848E+01
  0.370406051804724E+00 -0.533106211581196E+01
  0.375065186377708E+00 -0.534680013362604E+01
  0.379782925649139E+00 -0.536324334428002E+01
  0.384560006775377E+00 -0.538041929888199E+01
  0.389397176185067E+00 -0.539835620505477E+01
  0.394295189695771E+00 -0.541708289118487E+01
  0.399254812632064E+00 -0.543662876223444E+01
  0.404276819945122E+00 -0.545702374605631E+01
  0.409361996333803E+00 -0.547829822904397E+01
  0.414511136367265E+00 -0.550048297983167E+01
  0.419725044609114E+00 -0.552360905963489E+01
  0.425004535743121E+00 -0.554770771768785E+01
  0.430350434700515E+00 -0.557281027009336E+01
  0.435763576788887E+00 -0.559894796025078E+01
  0.441244807822699E+00 -0.562615179887245E+01
  0.446794984255453E+00 -0.565445238143747E+01
  0.452414973313509E+00 -0.568387968076675E+01
  0.458105653131591E+00 -0.571446281223758E+01
  0.463867912889997E+00 -0.574622976899165E+01
  0.469702652953539E+00 -0.577920712433288E+01
  0.475610785012223E+00 -0.581341969836454E+01
  0.481593232223702E+00 -0.584889018578667E+01
  0.487650929357525E+00 -0.588563874167098E+01
  0.493784822941194E+00 -0.592368252196281E+01
  0.499995871408061E+00 -0.596303517543791E+01
  0.506285045247084E+00 -0.600370628388060E+01
  0.512653327154473E+00 -0.604570074736548E+01
  0.519101712187230E+00 -0.608901811173490E+01
  0.525631207918638E+00 -0.613365183569197E+01
  0.532242834595687E+00 -0.617958849539726E+01
  0.538937625298499E+00 -0.622680692509535E+01
  0.545716626101741E+00 -0.627527729313476E+01
  0.552580896238080E+00 -0.632496011381612E+01
  0.559531508263691E+00 -0.637580519684337E+01
  0.566569548225844E+00 -0.642775053780076E+01
  0.573696115832602E+00 -0.648072115507045E+01
  0.580912324624653E+00 -0.653462788098101E+01
  0.588219302149301E+00 -0.658936611776887E+01
  0.595618190136652E+00 -0.664481457217221E+01
  0.603110144678006E+00 -0.670083398617898E+01
  0.610696336406503E+00 -0.675726588562430E+01
  0.618377950680036E+00 -0.681393137296483E+01
  0.626156187766461E+00 -0.687062999561245E+01
  0.634032263031150E+00 -0.692713872661979E+01
  0.642007407126886E+00 -0.698321110016891E+01
  0.650082866186160E+00 -0.703857655007131E+01
  0.658259902015879E+00 -0.709294000513613E+01
  0.666539792294529E+00 -0.714598180053760E+01
  0.674923830771810E+00 -0.719735796888218E+01
  0.683413327470793E+00 -0.724670097813717E+01
  0.692009608892608E+00 -0.729362098546938E+01
  0.700714018223717E+00 -0.733770767582286E+01
  0.709527915545787E+00 -0.737853275116050E+01
  0.718452678048207E+00 -0.741565313010016E+01
  0.727489700243276E+00 -0.744861490758927E+01
  0.736640394184096E+00 -0.747695810972922E+01
  0.745906189685215E+00 -0.750022225942597E+01
  0.755288534546029E+00 -0.751795274391350E+01
  0.764788894777014E+00 -0.752970794531234E+01
  0.774408754828781E+00 -0.753506706049321E+01
  0.784149617824038E+00 -0.753363849724092E+01
  0.794013005792445E+00 -0.752506869111958E+01
  0.804000459908439E+00 -0.750905114306711E+01
  0.814113540732045E+00 -0.748533543362014E+01
  0.824353828452717E+00 -0.745373592826359E+01
  0.834722923136246E+00 -0.741413985254798E+01
  0.845222444974772E+00 -0.736651438837585E+01
  0.855854034539944E+00 -0.731091242729824E+01
  0.866619353039261E+00 -0.724747661563075E+01
  0.877520082575641E+00 -0.717644134204809E+01
  0.888557926410252E+00 -0.709813235264224E+01
  0.899734609228650E+00 -0.701296373186102E+01
  0.911051877410265E+00 -0.692143205982992E+01
  0.922511499301274E+00 -0.682410764582189E+01
  0.934115265490913E+00 -0.672162284182522E+01
  0.945864989091257E+00 -0.661465755675988E+01
  0.957762506020524E+00 -0.650392221893627E+01
  0.969809675289940E+00 -0.639013857146847E+01
  0.982008379294213E+00 -0.627401883508203E+01
  0.994360524105662E+00 -0.615624394196039E+01
  0.100686803977204E+01 -0.603744174554336E+01
  0.101953288061813E+01 -0.591816636392987E+01
  0.103235702555107E+01 -0.579888014538956E+01
  0.104534247836960E+01 -0.567994018660618E+01
  0.105849126807714E+01 -0.556159192488858E+01
  0.107180544919883E+01 -0.544397310146831E+01
  0.108528710210256E+01 -0.532713238412672E+01
  0.109893833332404E+01 -0.521106816086844E+01
  0.111276127589590E+01 -0.509579295534628E+01
  0.112675808968105E+01 -0.498139227628912E+01
  0.114093096171012E+01 -0.486801175522785E+01
  0.115528210652320E+01 -0.475582035050832E+01
  0.116981376651587E+01 -0.464498421653398E+01
  0.118452821228955E+01 -0.453565111520815E+01
  0.119942774300635E+01 -0.442794284867881E+01
  0.121451468674825E+01 -0.432195316021847E+01
  0.122979140088090E+01 -0.421774898427814E+01
  0.124526027242197E+01 -0.411537349482774E+01
  0.126092371841411E+01 -0.401484991761682E+01
  0.127678418630261E+01 -0.391618547220571E+01
  0.129284415431787E+01 -0.381937508512348E+01
  0.130910613186255E+01 -0.372440469352957E+01
  0.132557265990373E+01 -0.363125406441493E+01
  0.134224631136992E+01 -0.353989911689934E+01
  0.135912969155308E+01 -0.345031376854759E+01
  0.137622543851572E+01 -0.336247134647375E+01
  0.139353622350308E+01 -0.327634561289541E+01
  0.141106475136053E+01 -0.319191146031032E+01
  0.142881376095622E+01 -0.310914533142928E+01
  0.144678602560899E+01 -0.302802541825831E+01
  0.146498435352178E+01 -0.294853169015136E+01
  0.148341158822035E+01 -0.287064579645119E+01
  0.150207060899759E+01 -0.279435088251906E+01
  0.152096433136348E+01 -0.271963135235311E+01
  0.154009570750057E+01 -0.264647260391511E+01
  0.155946772672530E+01 -0.257486075794736E+01
  0.157908341595510E+01 -0.250478239511515E+01
  0.159894584018131E+01 -0.243622431215290E+01
  0.161905810294813E+01 -0.236917330349186E+01
  0.163942334683753E+01 -0.230361597206294E+01
  0.166004475396032E+01 -0.223953857050847E+01
  0.168092554645329E+01 -0.217692687235530E+01
  0.170206898698277E+01 -0.211576607168808E+01
  0.172347837925435E+01 -0.205604070883253E+01
  0.174515706852913E+01 -0.199773461962887E+01
  0.176710844214642E+01 -0.194083090508817E+01
  0.178933593005300E+01 -0.188531191906756E+01
  0.181184300533909E+01 -0.183115927074113E+01
  0.183463318478099E+01 -0.177835384005715E+01
  0.185771002939059E+01 -0.172687580323311E+01
  0.188107714497183E+01 -0.167670466721024E+01
  0.190473818268406E+01 -0.162781931045062E+01
  0.192869683961254E+01 -0.158019802972930E+01
  0.195295685934618E+01 -0.153381859059129E+01
  0.197752203256242E+01 -0.148865828176521E+01
  0.200239619761954E+01 -0.144469397141386E+01
  0.202758324115645E+01 -0.140190216603275E+01
  0.205308709869994E+01 -0.136025907002072E+01
  0.207891175527964E+01 -0.131974064680146E+01
  0.210506124605068E+01 -0.128032268441634E+01
  0.213153965692420E+01 -0.124198081760483E+01
  0.215835112520576E+01 -0.120469074578355E+01
  0.218549984024183E+01 -0.116842800155461E+01
  0.221299004407438E+01 -0.113316832405575E+01
  0.224082603210367E+01 -0.109888753190275E+01
  0.226901215375948E+01 -0.106556165878307E+01
  0.229755281318066E+01 -0.103316699867033E+01
  0.232645246990330E+01 -0.100168016150576E+01
  0.235571563955756E+01 -0.971078155749983E+00
  0.238534689457325E+01 -0.941338420974603E+00
  0.241535086489425E+01 -0.912438915319403E+00
  0.244573223870195E+01 -0.884358143107325E+00
  0.247649576314783E+01 -0.857075236593852E+00
  0.250764624509517E+01 -0.830569965577898E+00
  0.253918855187015E+01 -0.804822855720322E+00
  0.257112761202239E+01 -0.779815113848619E+00
  0.260346841609500E+01 -0.755528767136277E+00
  0.263621601740442E+01 -0.731946629081766E+00
  0.266937553282998E+01 -0.709052329709966E+00
  0.270295214361344E+01 -0.686830318839881E+00
  0.273695109616854E+01 -0.665265860213487E+00
  0.277137770290078E+01 -0.644345014324155E+00
  0.280623734303751E+01 -0.624054609105813E+00
  0.284153546346843E+01 -0.604382198962678E+00
  0.287727757959666E+01 -0.585316011587615E+00
  0.291346927620057E+01 -0.566844883907912E+00
  0.295011620830639E+01 -0.548958187018999E+00
  0.298722410207181E+01 -0.531645742686751E+00
  0.302479875568073E+01 -0.514897730952811E+00
  0.306284604024924E+01 -0.498704593779910E+00
  0.310137190074293E+01 -0.483056932448104E+00
  0.314038235690591E+01 -0.467945405970732E+00
  0.317988350420132E+01 -0.453360628389594E+00
  0.321988151476378E+01 -0.439293069967306E+00
  0.326038263836382E+01 -0.425732963396874E+00
  0.330139320338440E+01 -0.412670217753663E+00
  0.334291961780975E+01 -0.400094340891809E+00
  0.338496837022661E+01 -0.387994373118037E+00
  0.342754603083809E+01 -0.376358832454046E+00
  0.347065925249028E+01 -0.365175672660164E+00
  0.351431477171178E+01 -0.354432256161783E+00
  0.355851940976629E+01 -0.344115335660653E+00
  0.360328007371844E+01 -0.334211058886292E+00
  0.364860375751305E+01 -0.324704975492793E+00
  0.369449754306790E+01 -0.315582064579450E+00
  0.374096860138037E+01 -0.306826771492058E+00
  0.378802419364787E+01 -0.298423056406938E+00
  0.383567167240242E+01 -0.290354453592966E+00
  0.388391848265952E+01 -0.282604139252318E+00
  0.393277216308143E+01 -0.275155008700423E+00
  0.398224034715510E+01 -0.267989760445020E+00
  0.403233076438495E+01 -0.261090986780026E+00
  0.408305124150058E+01 -0.254441269365712E+00
  0.413440970367972E+01 -0.248023279054673E+00
  0.418641417578658E+01 -0.241819878384805E+00
  0.423907278362574E+01 -0.235814225887256E+00
  0.429239375521180E+01 -0.229989880500329E+00
  0.434638542205505E+01 -0.224330905083628E+00
  0.440105622046329E+01 -0.218821967160770E+00
  0.445641469286000E+01 -0.213448435732016E+00
  0.451246948911911E+01 -0.208196472155099E+00
  0.456922936791658E+01 -0.203053113860180E+00
  0.462670319809896E+01 -0.198006348888909E+00
  0.468489996006915E+01 -0.193045180116341E+00
  0.474382874718960E+01 -0.188159677339528E+00
  0.480349876720319E+01 -0.183341016418727E+00
  0.486391934367196E+01 -0.178581504092368E+00
  0.492509991743389E+01 -0.173874588221146E+00
  0.498705004807811E+01 -0.169214852736753E+00
  0.504977941543858E+01 -0.164597997796061E+00
  0.511329782110657E+01 -0.160020805190802E+00
  0.517761518996219E+01 -0.155481090305439E+00
  0.524274157172518E+01 -0.150977641421622E+00
  0.530868714252520E+01 -0.146510148347375E+00
  0.537546220649184E+01 -0.142079121738467E+00
  0.544307719736471E+01 -0.137685805540484E+00
  0.551154268012369E+01 -0.133332084198616E+00
  0.558086935263977E+01 -0.129020387210510E+00
  0.565106804734656E+01 -0.124753592624347E+00
  0.572214973293293E+01 -0.120534931908871E+00
  0.579412551605689E+01 -0.116367897468881E+00
  0.586700664308096E+01 -0.112256154859348E+00
  0.594080450182953E+01 -0.108203460463563E+00
  0.601553062336818E+01 -0.104213586179246E+00
  0.609119668380542E+01 -0.100290251325044E+00
  0.616781450611714E+01 -0.964370627633493E-01
  0.624539606199396E+01 -0.926574629483137E-01
  0.632395347371182E+01 -0.889546864155034E-01
  0.640349901602613E+01 -0.853317240093618E-01
  0.648404511808971E+01 -0.817912950168133E-01
  0.656560436539489E+01 -0.783358262136548E-01
  0.664818950173999E+01 -0.749674377791480E-01
  0.673181343122058E+01 -0.716879349259741E-01
  0.681648922024578E+01 -0.684988051078717E-01
  0.690223009957990E+01 -0.654012196017621E-01
  0.698904946640977E+01 -0.623960393272411E-01
  0.707696088643810E+01 -0.594838237288962E-01
  0.716597809600313E+01 -0.566648426472084E-01
  0.725611500422495E+01 -0.539390900814459E-01
  0.734738569517887E+01 -0.513062998669443E-01
  0.743980443009602E+01 -0.487659622716185E-01
  0.753338564959178E+01 -0.463173416427803E-01
  0.762814397592209E+01 -0.439594942148535E-01
  0.772409421526820E+01 -0.416912863147996E-01
  0.782125136005025E+01 -0.395114121736989E-01
  0.791963059126976E+01 -0.374184116750739E-01
  0.801924728088177E+01 -0.354106873321973E-01
  0.812011699419671E+01 -0.334865209022310E-01
  0.822225549231250E+01 -0.316440889971521E-01
  0.832567873457726E+01 -0.298814781593645E-01
  0.843040288108303E+01 -0.281966988133714E-01
  0.853644429519076E+01 -0.265876986058501E-01
  0.864381954608714E+01 -0.250523745825624E-01
  0.875254541137359E+01 -0.235885847453283E-01
  0.886263887968775E+01 -0.221941584624778E-01
  0.897411715335805E+01 -0.208669062961122E-01
  0.908699765109154E+01 -0.196046287353610E-01
  0.920129801069565E+01 -0.184051244104108E-01
  0.931703609183412E+01 -0.172661972852535E-01
  0.943422997881760E+01 -0.161856634096586E-01
  0.955289798342936E+01 -0.151613567315939E-01
  0.967305864778655E+01 -0.141911345522639E-01
  0.979473074723745E+01 -0.132728821247680E-01
  0.991793329329514E+01 -0.124045169776323E-01
  0.100426855366081E+02 -0.115839924665800E-01
  0.101690069699681E+02 -0.108093011106411E-01
  0.102969173313563E+02 -0.100784773014541E-01
  0.104264366070267E+02 -0.938959952989231E-02
  0.105575850346296E+02 -0.874079343024742E-02
  0.106903831063738E+02 -0.813023120327207E-02
  0.108248515722282E+02 -0.755613497140253E-02
  0.109610114431640E+02 -0.701677774079457E-02
  0.110988839944382E+02 -0.651048366272905E-02
  0.112384907689174E+02 -0.603562874640443E-02
  0.113798535804441E+02 -0.559064107180839E-02
  0.115229945172452E+02 -0.517400126825916E-02
  0.116679359453834E+02 -0.478424240178856E-02
  0.118147005122516E+02 -0.441994996515534E-02
  0.119633111501120E+02 -0.407976145469969E-02
  0.121137910796793E+02 -0.376236608570157E-02
  0.122661638137484E+02 -0.346650412062409E-02
  0.124204531608691E+02 -0.319096636034699E-02
  0.125766832290658E+02 -0.293459327110591E-02
  0.127348784296045E+02 -0.269627429533676E-02
  0.128950634808072E+02 -0.247494681790249E-02
  0.130572634119139E+02 -0.226959533415969E-02
  0.132215035669940E+02 -0.207925029040032E-02
  0.133878096089057E+02 -0.190298714179440E-02
  0.135562075233066E+02 -0.173992509736968E-02
  0.137267236227133E+02 -0.158922609620949E-02
  0.138993845506133E+02 -0.145009348361337E-02
  0.140742172856278E+02 -0.132177093045646E-02
  0.142512491457274E+02 -0.120354106411880E-02
  0.144305077925005E+02 -0.109472435299118E-02
  0.146120212354752E+02 -0.994677713542911E-03
  0.147958178364963E+02 -0.902793379226379E-03
  0.149819263141567E+02 -0.818497507682011E-03
  0.151703757482847E+02 -0.741249033997742E-03
  0.153611955844877E+02 -0.670538340090497E-03
  0.155544156387534E+02 -0.605885920774984E-03
  0.157500661021084E+02 -0.546841864084610E-03
  0.159481775453355E+02 -0.492982283023211E-03
  0.161487809237510E+02 -0.443916769362660E-03
  0.163519075820407E+02 -0.399255713882010E-03
  0.165575892591583E+02 -0.358711425506135E-03
  0.167658580932844E+02 -0.321904205096174E-03
  0.169767466268479E+02 -0.288526865848247E-03
  0.171902878116113E+02 -0.258317268731956E-03
  0.174065150138192E+02 -0.230994355727600E-03
  0.176254620194119E+02 -0.206292824652123E-03
  0.178471630393044E+02 -0.183990126372227E-03
  0.180716527147321E+02 -0.163879797995619E-03
  0.182989661226635E+02 -0.145770431945369E-03
  0.185291387812811E+02 -0.129484943986203E-03
  0.187622066555312E+02 -0.114859602395500E-03
  0.189982061627431E+02 -0.101743356100718E-03
  0.192371741783202E+02 -0.899969249817220E-04
  0.194791480415009E+02 -0.794921893915802E-04
  0.197241655611938E+02 -0.701113423667888E-04
  0.199722650218847E+02 -0.617463408234691E-04
  0.202234851896192E+02 -0.542981194507207E-04
  0.204778653180595E+02 -0.476761029707144E-04
  0.207354451546184E+02 -0.417974806496818E-04
  0.209962649466692E+02 -0.365867781660550E-04
  0.212603654478353E+02 -0.319751908345878E-04
  0.215277879243570E+02 -0.279002129145250E-04
  0.217985741615406E+02 -0.243050268981065E-04
  0.220727664702865E+02 -0.211381873054888E-04
  0.223504076937007E+02 -0.183530626837533E-04
  0.226315412137893E+02 -0.159075701616095E-04
  0.229162109582369E+02 -0.137636660569662E-04
  0.232044614072700E+02 -0.118871264520202E-04
  0.234963376006079E+02 -0.102470811246862E-04
  0.237918851444995E+02 -0.881583395117468E-05
  0.240911502188499E+02 -0.756843264563683E-05
  0.243941795844359E+02 -0.648251954920267E-05
  0.247010205902122E+02 -0.553792404204280E-05
  0.250117211807104E+02 -0.471652439023450E-05
  0.253263299035299E+02 -0.400183125635025E-05
  0.256448959169235E+02 -0.337880317470465E-05
  0.259674689974792E+02 -0.283330528339949E-05
  0.262940995478969E+02 -0.235161484371422E-05
  0.266248386048647E+02 -0.191906251252413E-05
  0.269597378470332E+02 -0.151699858010550E-05
  0.272988496030903E+02 -0.111048411172902E-05
  0.276422268599379E+02 -0.516796164421657E-06
  0.279899232709708E+02  0.835523120129920E-11
  0.283419931644608E+02 -0.626757909753396E-15
  0.286984915520450E+02  0.835454810670175E-11
  0.290594741373217E+02 -0.611283201824647E-15
  0.294249973245543E+02  0.835388169029940E-11
  0.297951182274845E+02 -0.596190565795993E-15
  0.301698946782564E+02  0.835323190235872E-11
  0.305493852364529E+02 -0.581470568278612E-15
  0.309336491982458E+02  0.835259804074035E-11
  0.313227466056609E+02 -0.567114008794878E-15
  0.317167382559598E+02  0.835197984772568E-11
  0.321156857111393E+02 -0.553111914027767E-15
  0.325196513075512E+02  0.835137695476359E-11
  0.329286981656415E+02 -0.539455532212244E-15
  0.333428901998142E+02  0.835078892393950E-11
  0.337622921284173E+02 -0.526136327665121E-15
  0.341869694838553E+02  0.835021548541580E-11
  0.346169886228291E+02 -0.513145975449980E-15
  0.350524167367041E+02  0.834965614462521E-11
  0.354933218620088E+02 -0.500476356173812E-15
  0.359397728910663E+02  0.834911061658640E-11
  0.363918395827579E+02 -0.488119550912142E-15
  0.368495925734242E+02  0.834857853701351E-11
  0.373131033879012E+02 -0.476067836259430E-15
  0.377824444506965E+02  0.834805957982129E-11
  0.382576890973063E+02 -0.464313679501703E-15
  0.387389115856735E+02  0.834755346653552E-11
  0.392261871077908E+02 -0.452849733908358E-15
  0.397195918014500E+02  0.834705988478338E-11
  0.402192027621383E+02 -0.441668834140214E-15
  0.407250980550848E+02  0.834657841658502E-11
  0.412373567274583E+02 -0.430763991770948E-15
  0.417560588207185E+02  0.834610889116903E-11
  0.422812853831228E+02 -0.420128390919097E-15
  0.428131184823901E+02  0.834565095531398E-11
  0.433516412185243E+02 -0.409755383987910E-15
  0.438969377367985E+02  0.834520425652539E-11
  0.444490932409030E+02 -0.399638487510384E-15
  0.450081940062589E+02  0.834476867594993E-11
  0.455743273934981E+02 -0.389771378096888E-15
  0.461475818621142E+02  0.834434377313872E-11
  0.467280469842843E+02 -0.380147888482838E-15
  0.473158134588646E+02  0.834392940898361E-11
  0.479109731255626E+02 -0.370762003673953E-15
  0.485136189792871E+02  0.834352527621090E-11
  0.491238451846789E+02 -0.361607857186692E-15
  0.497417470908240E+02  0.834313112262005E-11
  0.503674212461524E+02 -0.352679727381506E-15
  0.510009654135239E+02  0.834274666879673E-11
  0.516424785855034E+02 -0.343972033886633E-15
  0.522920609998294E+02  0.834237173472169E-11
  0.529498141550757E+02 -0.335479334110179E-15
  0.536158408265109E+02  0.834200608718644E-11
  0.542902450821576E+02 -0.327196319838322E-15
  0.549731322990526E+02  0.834164943328792E-11
  0.556646091797132E+02 -0.319117813917508E-15
  0.563647837688085E+02  0.834130153661185E-11
  0.570737654700428E+02 -0.311238767018558E-15
  0.577916650632493E+02  0.834096231489872E-11
  0.585185947217000E+02 -0.303554254480677E-15
  0.592546680296329E+02  0.834063139392904E-11
  0.600000000000000E+02 -0.296059473233375E-15
