#     Ultrasoft pseudopotential             : N 
#              by  GGA (PBE)  / scalar relativistic atomic calculation.
#
#     ---- valence electron configuration for constructing pp. ----
#      2S        2P    
#      2.0000    3.0000
#     --------------------
#C 1558 (0.1495825002E+01 )   : R_cut_local-V
#L  0.1200000000E+03          : 1 / logarithmic mesh
#Z  0.5000000000E+01          : core charge         
#  r [ bohr ]        local potential 
  0.346664911165126E-05 -0.300000000002180E+01
  0.349565855906737E-05 -0.300000000002216E+01
  0.352491076195491E-05 -0.300000000002253E+01
  0.355440775172862E-05 -0.300000000002291E+01
  0.358415157680241E-05 -0.300000000002330E+01
  0.361414430273166E-05 -0.300000000002369E+01
  0.364438801235659E-05 -0.300000000002409E+01
  0.367488480594699E-05 -0.300000000002449E+01
  0.370563680134799E-05 -0.300000000002490E+01
  0.373664613412718E-05 -0.300000000002532E+01
  0.376791495772293E-05 -0.300000000002575E+01
  0.379944544359387E-05 -0.300000000002618E+01
  0.383123978136975E-05 -0.300000000002662E+01
  0.386330017900348E-05 -0.300000000002707E+01
  0.389562886292444E-05 -0.300000000002752E+01
  0.392822807819312E-05 -0.300000000002799E+01
  0.396110008865700E-05 -0.300000000002846E+01
  0.399424717710782E-05 -0.300000000002894E+01
  0.402767164544002E-05 -0.300000000002942E+01
  0.406137581481068E-05 -0.300000000002992E+01
  0.409536202580066E-05 -0.300000000003042E+01
  0.412963263857716E-05 -0.300000000003093E+01
  0.416419003305761E-05 -0.300000000003145E+01
  0.419903660907497E-05 -0.300000000003198E+01
  0.423417478654436E-05 -0.300000000003252E+01
  0.426960700563109E-05 -0.300000000003306E+01
  0.430533572692020E-05 -0.300000000003362E+01
  0.434136343158722E-05 -0.300000000003418E+01
  0.437769262157059E-05 -0.300000000003476E+01
  0.441432581974531E-05 -0.300000000003534E+01
  0.445126557009820E-05 -0.300000000003594E+01
  0.448851443790455E-05 -0.300000000003654E+01
  0.452607500990626E-05 -0.300000000003715E+01
  0.456394989449148E-05 -0.300000000003778E+01
  0.460214172187575E-05 -0.300000000003841E+01
  0.464065314428465E-05 -0.300000000003906E+01
  0.467948683613799E-05 -0.300000000003971E+01
  0.471864549423553E-05 -0.300000000004038E+01
  0.475813183794428E-05 -0.300000000004106E+01
  0.479794860938730E-05 -0.300000000004175E+01
  0.483809857363416E-05 -0.300000000004245E+01
  0.487858451889296E-05 -0.300000000004317E+01
  0.491940925670396E-05 -0.300000000004389E+01
  0.496057562213478E-05 -0.300000000004463E+01
  0.500208647397735E-05 -0.300000000004538E+01
  0.504394469494641E-05 -0.300000000004614E+01
  0.508615319187966E-05 -0.300000000004692E+01
  0.512871489593970E-05 -0.300000000004771E+01
  0.517163276281753E-05 -0.300000000004851E+01
  0.521490977293781E-05 -0.300000000004932E+01
  0.525854893166585E-05 -0.300000000005015E+01
  0.530255326951634E-05 -0.300000000005099E+01
  0.534692584236375E-05 -0.300000000005185E+01
  0.539166973165458E-05 -0.300000000005272E+01
  0.543678804462135E-05 -0.300000000005361E+01
  0.548228391449837E-05 -0.300000000005451E+01
  0.552816050073933E-05 -0.300000000005543E+01
  0.557442098923671E-05 -0.300000000005636E+01
  0.562106859254304E-05 -0.300000000005730E+01
  0.566810655009394E-05 -0.300000000005827E+01
  0.571553812843315E-05 -0.300000000005925E+01
  0.576336662143934E-05 -0.300000000006024E+01
  0.581159535055487E-05 -0.300000000006126E+01
  0.586022766501640E-05 -0.300000000006228E+01
  0.590926694208755E-05 -0.300000000006333E+01
  0.595871658729338E-05 -0.300000000006440E+01
  0.600858003465689E-05 -0.300000000006548E+01
  0.605886074693752E-05 -0.300000000006658E+01
  0.610956221587162E-05 -0.300000000006770E+01
  0.616068796241490E-05 -0.300000000006884E+01
  0.621224153698698E-05 -0.300000000006999E+01
  0.626422651971791E-05 -0.300000000007117E+01
  0.631664652069683E-05 -0.300000000007236E+01
  0.636950518022267E-05 -0.300000000007358E+01
  0.642280616905689E-05 -0.300000000007482E+01
  0.647655318867849E-05 -0.300000000007607E+01
  0.653074997154098E-05 -0.300000000007735E+01
  0.658540028133161E-05 -0.300000000007865E+01
  0.664050791323276E-05 -0.300000000007998E+01
  0.669607669418545E-05 -0.300000000008132E+01
  0.675211048315513E-05 -0.300000000008269E+01
  0.680861317139967E-05 -0.300000000008408E+01
  0.686558868273957E-05 -0.300000000008549E+01
  0.692304097383046E-05 -0.300000000008693E+01
  0.698097403443787E-05 -0.300000000008839E+01
  0.703939188771428E-05 -0.300000000008987E+01
  0.709829859047854E-05 -0.300000000009138E+01
  0.715769823349757E-05 -0.300000000009292E+01
  0.721759494177045E-05 -0.300000000009448E+01
  0.727799287481489E-05 -0.300000000009607E+01
  0.733889622695606E-05 -0.300000000009768E+01
  0.740030922761788E-05 -0.300000000009932E+01
  0.746223614161676E-05 -0.300000000010099E+01
  0.752468126945772E-05 -0.300000000010269E+01
  0.758764894763307E-05 -0.300000000010442E+01
  0.765114354892354E-05 -0.300000000010617E+01
  0.771516948270196E-05 -0.300000000010795E+01
  0.777973119523946E-05 -0.300000000010977E+01
  0.784483317001425E-05 -0.300000000011161E+01
  0.791047992802296E-05 -0.300000000011349E+01
  0.797667602809461E-05 -0.300000000011540E+01
  0.804342606720720E-05 -0.300000000011734E+01
  0.811073468080693E-05 -0.300000000011931E+01
  0.817860654313014E-05 -0.300000000012131E+01
  0.824704636752788E-05 -0.300000000012335E+01
  0.831605890679323E-05 -0.300000000012543E+01
  0.838564895349137E-05 -0.300000000012753E+01
  0.845582134029240E-05 -0.300000000012968E+01
  0.852658094030695E-05 -0.300000000013186E+01
  0.859793266742455E-05 -0.300000000013407E+01
  0.866988147665494E-05 -0.300000000013633E+01
  0.874243236447212E-05 -0.300000000013862E+01
  0.881559036916133E-05 -0.300000000014095E+01
  0.888936057116898E-05 -0.300000000014332E+01
  0.896374809345540E-05 -0.300000000014572E+01
  0.903875810185064E-05 -0.300000000014817E+01
  0.911439580541322E-05 -0.300000000015066E+01
  0.919066645679184E-05 -0.300000000015320E+01
  0.926757535259015E-05 -0.300000000015577E+01
  0.934512783373461E-05 -0.300000000015839E+01
  0.942332928584535E-05 -0.300000000016105E+01
  0.950218513961020E-05 -0.300000000016376E+01
  0.958170087116180E-05 -0.300000000016651E+01
  0.966188200245791E-05 -0.300000000016931E+01
  0.974273410166487E-05 -0.300000000017215E+01
  0.982426278354429E-05 -0.300000000017505E+01
  0.990647370984294E-05 -0.300000000017799E+01
  0.998937258968598E-05 -0.300000000018098E+01
  0.100729651799734E-04 -0.300000000018402E+01
  0.101572572857797E-04 -0.300000000018711E+01
  0.102422547607573E-04 -0.300000000019026E+01
  0.103279635075428E-04 -0.300000000019346E+01
  0.104143894781668E-04 -0.300000000019671E+01
  0.105015386744678E-04 -0.300000000020001E+01
  0.105894171485081E-04 -0.300000000020337E+01
  0.106780310029950E-04 -0.300000000020679E+01
  0.107673863917039E-04 -0.300000000021027E+01
  0.108574895199061E-04 -0.300000000021380E+01
  0.109483466447994E-04 -0.300000000021739E+01
  0.110399640759430E-04 -0.300000000022105E+01
  0.111323481756952E-04 -0.300000000022476E+01
  0.112255053596557E-04 -0.300000000022854E+01
  0.113194420971108E-04 -0.300000000023238E+01
  0.114141649114828E-04 -0.300000000023629E+01
  0.115096803807830E-04 -0.300000000024026E+01
  0.116059951380685E-04 -0.300000000024430E+01
  0.117031158719027E-04 -0.300000000024840E+01
  0.118010493268202E-04 -0.300000000025258E+01
  0.118998023037946E-04 -0.300000000025682E+01
  0.119993816607113E-04 -0.300000000026114E+01
  0.120997943128434E-04 -0.300000000026553E+01
  0.122010472333321E-04 -0.300000000026999E+01
  0.123031474536708E-04 -0.300000000027453E+01
  0.124061020641938E-04 -0.300000000027914E+01
  0.125099182145681E-04 -0.300000000028383E+01
  0.126146031142903E-04 -0.300000000028860E+01
  0.127201640331872E-04 -0.300000000029345E+01
  0.128266083019207E-04 -0.300000000029838E+01
  0.129339433124964E-04 -0.300000000030340E+01
  0.130421765187779E-04 -0.300000000030850E+01
  0.131513154370034E-04 -0.300000000031368E+01
  0.132613676463084E-04 -0.300000000031895E+01
  0.133723407892516E-04 -0.300000000032431E+01
  0.134842425723459E-04 -0.300000000032976E+01
  0.135970807665935E-04 -0.300000000033531E+01
  0.137108632080253E-04 -0.300000000034094E+01
  0.138255977982455E-04 -0.300000000034667E+01
  0.139412925049802E-04 -0.300000000035250E+01
  0.140579553626304E-04 -0.300000000035842E+01
  0.141755944728304E-04 -0.300000000036445E+01
  0.142942180050101E-04 -0.300000000037057E+01
  0.144138341969624E-04 -0.300000000037680E+01
  0.145344513554155E-04 -0.300000000038313E+01
  0.146560778566094E-04 -0.300000000038957E+01
  0.147787221468777E-04 -0.300000000039612E+01
  0.149023927432343E-04 -0.300000000040277E+01
  0.150270982339648E-04 -0.300000000040954E+01
  0.151528472792229E-04 -0.300000000041643E+01
  0.152796486116317E-04 -0.300000000042343E+01
  0.154075110368901E-04 -0.300000000043054E+01
  0.155364434343847E-04 -0.300000000043778E+01
  0.156664547578060E-04 -0.300000000044514E+01
  0.157975540357704E-04 -0.300000000045262E+01
  0.159297503724471E-04 -0.300000000046022E+01
  0.160630529481904E-04 -0.300000000046796E+01
  0.161974710201771E-04 -0.300000000047582E+01
  0.163330139230497E-04 -0.300000000048382E+01
  0.164696910695641E-04 -0.300000000049195E+01
  0.166075119512439E-04 -0.300000000050022E+01
  0.167464861390389E-04 -0.300000000050862E+01
  0.168866232839903E-04 -0.300000000051717E+01
  0.170279331179005E-04 -0.300000000052587E+01
  0.171704254540093E-04 -0.300000000053470E+01
  0.173141101876751E-04 -0.300000000054369E+01
  0.174589972970621E-04 -0.300000000055283E+01
  0.176050968438333E-04 -0.300000000056212E+01
  0.177524189738493E-04 -0.300000000057156E+01
  0.179009739178729E-04 -0.300000000058117E+01
  0.180507719922792E-04 -0.300000000059094E+01
  0.182018235997725E-04 -0.300000000060087E+01
  0.183541392301085E-04 -0.300000000061097E+01
  0.185077294608227E-04 -0.300000000062124E+01
  0.186626049579651E-04 -0.300000000063168E+01
  0.188187764768408E-04 -0.300000000064229E+01
  0.189762548627570E-04 -0.300000000065309E+01
  0.191350510517758E-04 -0.300000000066406E+01
  0.192951760714743E-04 -0.300000000067522E+01
  0.194566410417099E-04 -0.300000000068657E+01
  0.196194571753926E-04 -0.300000000069811E+01
  0.197836357792638E-04 -0.300000000070984E+01
  0.199491882546814E-04 -0.300000000072177E+01
  0.201161260984116E-04 -0.300000000073390E+01
  0.202844609034273E-04 -0.300000000074624E+01
  0.204542043597132E-04 -0.300000000075878E+01
  0.206253682550775E-04 -0.300000000077153E+01
  0.207979644759706E-04 -0.300000000078450E+01
  0.209720050083106E-04 -0.300000000079768E+01
  0.211475019383155E-04 -0.300000000081109E+01
  0.213244674533426E-04 -0.300000000082472E+01
  0.215029138427349E-04 -0.300000000083858E+01
  0.216828534986745E-04 -0.300000000085267E+01
  0.218642989170432E-04 -0.300000000086700E+01
  0.220472626982901E-04 -0.300000000088158E+01
  0.222317575483070E-04 -0.300000000089639E+01
  0.224177962793103E-04 -0.300000000091146E+01
  0.226053918107311E-04 -0.300000000092678E+01
  0.227945571701123E-04 -0.300000000094235E+01
  0.229853054940131E-04 -0.300000000095819E+01
  0.231776500289217E-04 -0.300000000097429E+01
  0.233716041321747E-04 -0.300000000099067E+01
  0.235671812728849E-04 -0.300000000100732E+01
  0.237643950328769E-04 -0.300000000102425E+01
  0.239632591076299E-04 -0.300000000104146E+01
  0.241637873072290E-04 -0.300000000105896E+01
  0.243659935573243E-04 -0.300000000107676E+01
  0.245698919000977E-04 -0.300000000109486E+01
  0.247754964952382E-04 -0.300000000111326E+01
  0.249828216209254E-04 -0.300000000113197E+01
  0.251918816748208E-04 -0.300000000115099E+01
  0.254026911750677E-04 -0.300000000117033E+01
  0.256152647612995E-04 -0.300000000119000E+01
  0.258296171956561E-04 -0.300000000121000E+01
  0.260457633638094E-04 -0.300000000123034E+01
  0.262637182759969E-04 -0.300000000125102E+01
  0.264834970680640E-04 -0.300000000127204E+01
  0.267051150025150E-04 -0.300000000129342E+01
  0.269285874695734E-04 -0.300000000131516E+01
  0.271539299882504E-04 -0.300000000133726E+01
  0.273811582074224E-04 -0.300000000135973E+01
  0.276102879069183E-04 -0.300000000138259E+01
  0.278413349986148E-04 -0.300000000140582E+01
  0.280743155275418E-04 -0.300000000142945E+01
  0.283092456729961E-04 -0.300000000145347E+01
  0.285461417496658E-04 -0.300000000147790E+01
  0.287850202087623E-04 -0.300000000150274E+01
  0.290258976391637E-04 -0.300000000152799E+01
  0.292687907685660E-04 -0.300000000155367E+01
  0.295137164646453E-04 -0.300000000157979E+01
  0.297606917362289E-04 -0.300000000160634E+01
  0.300097337344765E-04 -0.300000000163333E+01
  0.302608597540716E-04 -0.300000000166078E+01
  0.305140872344219E-04 -0.300000000168869E+01
  0.307694337608708E-04 -0.300000000171707E+01
  0.310269170659188E-04 -0.300000000174593E+01
  0.312865550304542E-04 -0.300000000177528E+01
  0.315483656849957E-04 -0.300000000180511E+01
  0.318123672109440E-04 -0.300000000183545E+01
  0.320785779418443E-04 -0.300000000186630E+01
  0.323470163646601E-04 -0.300000000189766E+01
  0.326177011210564E-04 -0.300000000192955E+01
  0.328906510086944E-04 -0.300000000196198E+01
  0.331658849825372E-04 -0.300000000199496E+01
  0.334434221561657E-04 -0.300000000202848E+01
  0.337232818031064E-04 -0.300000000206258E+01
  0.340054833581695E-04 -0.300000000209724E+01
  0.342900464187984E-04 -0.300000000213249E+01
  0.345769907464314E-04 -0.300000000216833E+01
  0.348663362678730E-04 -0.300000000220477E+01
  0.351581030766786E-04 -0.300000000224182E+01
  0.354523114345493E-04 -0.300000000227950E+01
  0.357489817727395E-04 -0.300000000231781E+01
  0.360481346934750E-04 -0.300000000235676E+01
  0.363497909713845E-04 -0.300000000239637E+01
  0.366539715549420E-04 -0.300000000243665E+01
  0.369606975679211E-04 -0.300000000247760E+01
  0.372699903108629E-04 -0.300000000251924E+01
  0.375818712625543E-04 -0.300000000256157E+01
  0.378963620815200E-04 -0.300000000260462E+01
  0.382134846075267E-04 -0.300000000264840E+01
  0.385332608630994E-04 -0.300000000269291E+01
  0.388557130550511E-04 -0.300000000273817E+01
  0.391808635760247E-04 -0.300000000278419E+01
  0.395087350060481E-04 -0.300000000283098E+01
  0.398393501141024E-04 -0.300000000287856E+01
  0.401727318597029E-04 -0.300000000292693E+01
  0.405089033944939E-04 -0.300000000297613E+01
  0.408478880638558E-04 -0.300000000302614E+01
  0.411897094085269E-04 -0.300000000307700E+01
  0.415343911662380E-04 -0.300000000312871E+01
  0.418819572733607E-04 -0.300000000318130E+01
  0.422324318665700E-04 -0.300000000323476E+01
  0.425858392845200E-04 -0.300000000328913E+01
  0.429422040695348E-04 -0.300000000334440E+01
  0.433015509693119E-04 -0.300000000340061E+01
  0.436639049386416E-04 -0.300000000345776E+01
  0.440292911411397E-04 -0.300000000351588E+01
  0.443977349509947E-04 -0.300000000357496E+01
  0.447692619547306E-04 -0.300000000363505E+01
  0.451438979529828E-04 -0.300000000369614E+01
  0.455216689622908E-04 -0.300000000375826E+01
  0.459026012169043E-04 -0.300000000382142E+01
  0.462867211706051E-04 -0.300000000388564E+01
  0.466740554985444E-04 -0.300000000395095E+01
  0.470646310990950E-04 -0.300000000401735E+01
  0.474584750957196E-04 -0.300000000408486E+01
  0.478556148388539E-04 -0.300000000415352E+01
  0.482560779078064E-04 -0.300000000422332E+01
  0.486598921126733E-04 -0.300000000429430E+01
  0.490670854962701E-04 -0.300000000436647E+01
  0.494776863360788E-04 -0.300000000443986E+01
  0.498917231462114E-04 -0.300000000451447E+01
  0.503092246793907E-04 -0.300000000459035E+01
  0.507302199289465E-04 -0.300000000466749E+01
  0.511547381308292E-04 -0.300000000474594E+01
  0.515828087656400E-04 -0.300000000482570E+01
  0.520144615606785E-04 -0.300000000490680E+01
  0.524497264920067E-04 -0.300000000498927E+01
  0.528886337865308E-04 -0.300000000507312E+01
  0.533312139241004E-04 -0.300000000515838E+01
  0.537774976396252E-04 -0.300000000524507E+01
  0.542275159252092E-04 -0.300000000533322E+01
  0.546813000323031E-04 -0.300000000542285E+01
  0.551388814738745E-04 -0.300000000551399E+01
  0.556002920265963E-04 -0.300000000560666E+01
  0.560655637330533E-04 -0.300000000570089E+01
  0.565347289039678E-04 -0.300000000579670E+01
  0.570078201204430E-04 -0.300000000589412E+01
  0.574848702362256E-04 -0.300000000599318E+01
  0.579659123799877E-04 -0.300000000609390E+01
  0.584509799576270E-04 -0.300000000619632E+01
  0.589401066545868E-04 -0.300000000630046E+01
  0.594333264381956E-04 -0.300000000640634E+01
  0.599306735600253E-04 -0.300000000651401E+01
  0.604321825582704E-04 -0.300000000662349E+01
  0.609378882601462E-04 -0.300000000673480E+01
  0.614478257843075E-04 -0.300000000684799E+01
  0.619620305432873E-04 -0.300000000696308E+01
  0.624805382459560E-04 -0.300000000708010E+01
  0.630033849000014E-04 -0.300000000719910E+01
  0.635306068144290E-04 -0.300000000732009E+01
  0.640622406020836E-04 -0.300000000744311E+01
  0.645983231821919E-04 -0.300000000756820E+01
  0.651388917829263E-04 -0.300000000769539E+01
  0.656839839439903E-04 -0.300000000782473E+01
  0.662336375192251E-04 -0.300000000795623E+01
  0.667878906792388E-04 -0.300000000808995E+01
  0.673467819140570E-04 -0.300000000822591E+01
  0.679103500357956E-04 -0.300000000836416E+01
  0.684786341813562E-04 -0.300000000850473E+01
  0.690516738151438E-04 -0.300000000864766E+01
  0.696295087318079E-04 -0.300000000879299E+01
  0.702121790590055E-04 -0.300000000894077E+01
  0.707997252601877E-04 -0.300000000909103E+01
  0.713921881374104E-04 -0.300000000924382E+01
  0.719896088341670E-04 -0.300000000939918E+01
  0.725920288382459E-04 -0.300000000955714E+01
  0.731994899846117E-04 -0.300000000971776E+01
  0.738120344583104E-04 -0.300000000988108E+01
  0.744297047973989E-04 -0.300000001004715E+01
  0.750525438958989E-04 -0.300000001021600E+01
  0.756805950067758E-04 -0.300000001038770E+01
  0.763139017449427E-04 -0.300000001056227E+01
  0.769525080902885E-04 -0.300000001073979E+01
  0.775964583907329E-04 -0.300000001092028E+01
  0.782457973653053E-04 -0.300000001110381E+01
  0.789005701072513E-04 -0.300000001129043E+01
  0.795608220871631E-04 -0.300000001148018E+01
  0.802265991561381E-04 -0.300000001167312E+01
  0.808979475489625E-04 -0.300000001186930E+01
  0.815749138873223E-04 -0.300000001206878E+01
  0.822575451830408E-04 -0.300000001227161E+01
  0.829458888413434E-04 -0.300000001247785E+01
  0.836399926641498E-04 -0.300000001268756E+01
  0.843399048533931E-04 -0.300000001290079E+01
  0.850456740143679E-04 -0.300000001311761E+01
  0.857573491591051E-04 -0.300000001333806E+01
  0.864749797097756E-04 -0.300000001356223E+01
  0.871986155021229E-04 -0.300000001379016E+01
  0.879283067889233E-04 -0.300000001402192E+01
  0.886641042434761E-04 -0.300000001425758E+01
  0.894060589631225E-04 -0.300000001449720E+01
  0.901542224727939E-04 -0.300000001474084E+01
  0.909086467285903E-04 -0.300000001498858E+01
  0.916693841213882E-04 -0.300000001524048E+01
  0.924364874804789E-04 -0.300000001549662E+01
  0.932100100772373E-04 -0.300000001575706E+01
  0.939900056288213E-04 -0.300000001602188E+01
  0.947765283019021E-04 -0.300000001629115E+01
  0.955696327164258E-04 -0.300000001656494E+01
  0.963693739494066E-04 -0.300000001684334E+01
  0.971758075387517E-04 -0.300000001712641E+01
  0.979889894871175E-04 -0.300000001741425E+01
  0.988089762657996E-04 -0.300000001770692E+01
  0.996358248186539E-04 -0.300000001800450E+01
  0.100469592566051E-03 -0.300000001830709E+01
  0.101310337408864E-03 -0.300000001861477E+01
  0.102158117732489E-03 -0.300000001892761E+01
  0.103012992410901E-03 -0.300000001924572E+01
  0.103875020810740E-03 -0.300000001956917E+01
  0.104744262795436E-03 -0.300000001989805E+01
  0.105620778729365E-03 -0.300000002023247E+01
  0.106504629482041E-03 -0.300000002057250E+01
  0.107395876432345E-03 -0.300000002091825E+01
  0.108294581472783E-03 -0.300000002126981E+01
  0.109200807013789E-03 -0.300000002162728E+01
  0.110114615988056E-03 -0.300000002199075E+01
  0.111036071854909E-03 -0.300000002236033E+01
  0.111965238604708E-03 -0.300000002273613E+01
  0.112902180763295E-03 -0.300000002311824E+01
  0.113846963396475E-03 -0.300000002350677E+01
  0.114799652114532E-03 -0.300000002390184E+01
  0.115760313076789E-03 -0.300000002430354E+01
  0.116729012996197E-03 -0.300000002471199E+01
  0.117705819143974E-03 -0.300000002512731E+01
  0.118690799354273E-03 -0.300000002554961E+01
  0.119684022028893E-03 -0.300000002597900E+01
  0.120685556142031E-03 -0.300000002641561E+01
  0.121695471245067E-03 -0.300000002685956E+01
  0.122713837471403E-03 -0.300000002731097E+01
  0.123740725541324E-03 -0.300000002776997E+01
  0.124776206766913E-03 -0.300000002823668E+01
  0.125820353057007E-03 -0.300000002871124E+01
  0.126873236922183E-03 -0.300000002919377E+01
  0.127934931479799E-03 -0.300000002968441E+01
  0.129005510459071E-03 -0.300000003018329E+01
  0.130085048206192E-03 -0.300000003069057E+01
  0.131173619689495E-03 -0.300000003120636E+01
  0.132271300504658E-03 -0.300000003173083E+01
  0.133378166879958E-03 -0.300000003226410E+01
  0.134494295681560E-03 -0.300000003280635E+01
  0.135619764418856E-03 -0.300000003335770E+01
  0.136754651249852E-03 -0.300000003391832E+01
  0.137899034986587E-03 -0.300000003448836E+01
  0.139052995100614E-03 -0.300000003506798E+01
  0.140216611728518E-03 -0.300000003565735E+01
  0.141389965677475E-03 -0.300000003625662E+01
  0.142573138430869E-03 -0.300000003686596E+01
  0.143766212153952E-03 -0.300000003748554E+01
  0.144969269699545E-03 -0.300000003811554E+01
  0.146182394613793E-03 -0.300000003875612E+01
  0.147405671141970E-03 -0.300000003940747E+01
  0.148639184234327E-03 -0.300000004006976E+01
  0.149883019551991E-03 -0.300000004074319E+01
  0.151137263472914E-03 -0.300000004142793E+01
  0.152402003097872E-03 -0.300000004212418E+01
  0.153677326256515E-03 -0.300000004283213E+01
  0.154963321513463E-03 -0.300000004355198E+01
  0.156260078174459E-03 -0.300000004428393E+01
  0.157567686292570E-03 -0.300000004502818E+01
  0.158886236674442E-03 -0.300000004578494E+01
  0.160215820886602E-03 -0.300000004655442E+01
  0.161556531261822E-03 -0.300000004733683E+01
  0.162908460905528E-03 -0.300000004813239E+01
  0.164271703702267E-03 -0.300000004894132E+01
  0.165646354322224E-03 -0.300000004976384E+01
  0.167032508227801E-03 -0.300000005060019E+01
  0.168430261680243E-03 -0.300000005145059E+01
  0.169839711746323E-03 -0.300000005231529E+01
  0.171260956305085E-03 -0.300000005319451E+01
  0.172694094054639E-03 -0.300000005408852E+01
  0.174139224519016E-03 -0.300000005499755E+01
  0.175596448055078E-03 -0.300000005592186E+01
  0.177065865859490E-03 -0.300000005686170E+01
  0.178547579975745E-03 -0.300000005781733E+01
  0.180041693301253E-03 -0.300000005878903E+01
  0.181548309594485E-03 -0.300000005977706E+01
  0.183067533482176E-03 -0.300000006078169E+01
  0.184599470466597E-03 -0.300000006180321E+01
  0.186144226932876E-03 -0.300000006284189E+01
  0.187701910156387E-03 -0.300000006389804E+01
  0.189272628310205E-03 -0.300000006497193E+01
  0.190856490472608E-03 -0.300000006606387E+01
  0.192453606634662E-03 -0.300000006717416E+01
  0.194064087707853E-03 -0.300000006830311E+01
  0.195688045531792E-03 -0.300000006945103E+01
  0.197325592881979E-03 -0.300000007061825E+01
  0.198976843477641E-03 -0.300000007180508E+01
  0.200641911989619E-03 -0.300000007301186E+01
  0.202320914048341E-03 -0.300000007423893E+01
  0.204013966251847E-03 -0.300000007548661E+01
  0.205721186173888E-03 -0.300000007675526E+01
  0.207442692372088E-03 -0.300000007804524E+01
  0.209178604396180E-03 -0.300000007935689E+01
  0.210929042796308E-03 -0.300000008069059E+01
  0.212694129131399E-03 -0.300000008204670E+01
  0.214473985977601E-03 -0.300000008342561E+01
  0.216268736936799E-03 -0.300000008482768E+01
  0.218078506645199E-03 -0.300000008625333E+01
  0.219903420781979E-03 -0.300000008770293E+01
  0.221743606078020E-03 -0.300000008917689E+01
  0.223599190324709E-03 -0.300000009067563E+01
  0.225470302382809E-03 -0.300000009219955E+01
  0.227357072191407E-03 -0.300000009374909E+01
  0.229259630776944E-03 -0.300000009532467E+01
  0.231178110262309E-03 -0.300000009692673E+01
  0.233112643876014E-03 -0.300000009855571E+01
  0.235063365961449E-03 -0.300000010021207E+01
  0.237030411986209E-03 -0.300000010189626E+01
  0.239013918551503E-03 -0.300000010360877E+01
  0.241014023401641E-03 -0.300000010535005E+01
  0.243030865433595E-03 -0.300000010712060E+01
  0.245064584706651E-03 -0.300000010892090E+01
  0.247115322452131E-03 -0.300000011075146E+01
  0.249183221083203E-03 -0.300000011261279E+01
  0.251268424204769E-03 -0.300000011450540E+01
  0.253371076623440E-03 -0.300000011642981E+01
  0.255491324357589E-03 -0.300000011838657E+01
  0.257629314647496E-03 -0.300000012037621E+01
  0.259785195965566E-03 -0.300000012239930E+01
  0.261959118026648E-03 -0.300000012445638E+01
  0.264151231798423E-03 -0.300000012654803E+01
  0.266361689511897E-03 -0.300000012867484E+01
  0.268590644671965E-03 -0.300000013083739E+01
  0.270838252068077E-03 -0.300000013303629E+01
  0.273104667784981E-03 -0.300000013527214E+01
  0.275390049213570E-03 -0.300000013754557E+01
  0.277694555061806E-03 -0.300000013985721E+01
  0.280018345365742E-03 -0.300000014220769E+01
  0.282361581500640E-03 -0.300000014459768E+01
  0.284724426192173E-03 -0.300000014702784E+01
  0.287107043527727E-03 -0.300000014949884E+01
  0.289509598967797E-03 -0.300000015201136E+01
  0.291932259357477E-03 -0.300000015456612E+01
  0.294375192938044E-03 -0.300000015716381E+01
  0.296838569358646E-03 -0.300000015980515E+01
  0.299322559688080E-03 -0.300000016249089E+01
  0.301827336426672E-03 -0.300000016522177E+01
  0.304353073518259E-03 -0.300000016799854E+01
  0.306899946362264E-03 -0.300000017082198E+01
  0.309468131825881E-03 -0.300000017369287E+01
  0.312057808256354E-03 -0.300000017661201E+01
  0.314669155493366E-03 -0.300000017958021E+01
  0.317302354881523E-03 -0.300000018259829E+01
  0.319957589282953E-03 -0.300000018566710E+01
  0.322635043090001E-03 -0.300000018878748E+01
  0.325334902238034E-03 -0.300000019196031E+01
  0.328057354218357E-03 -0.300000019518646E+01
  0.330802588091228E-03 -0.300000019846682E+01
  0.333570794498993E-03 -0.300000020180232E+01
  0.336362165679320E-03 -0.300000020519388E+01
  0.339176895478551E-03 -0.300000020864244E+01
  0.342015179365165E-03 -0.300000021214895E+01
  0.344877214443350E-03 -0.300000021571440E+01
  0.347763199466692E-03 -0.300000021933976E+01
  0.350673334851978E-03 -0.300000022302606E+01
  0.353607822693112E-03 -0.300000022677431E+01
  0.356566866775152E-03 -0.300000023058555E+01
  0.359550672588459E-03 -0.300000023446085E+01
  0.362559447342969E-03 -0.300000023840128E+01
  0.365593399982583E-03 -0.300000024240793E+01
  0.368652741199676E-03 -0.300000024648192E+01
  0.371737683449727E-03 -0.300000025062437E+01
  0.374848440966078E-03 -0.300000025483645E+01
  0.377985229774806E-03 -0.300000025911931E+01
  0.381148267709729E-03 -0.300000026347416E+01
  0.384337774427529E-03 -0.300000026790219E+01
  0.387553971423010E-03 -0.300000027240465E+01
  0.390797082044478E-03 -0.300000027698277E+01
  0.394067331509252E-03 -0.300000028163783E+01
  0.397364946919304E-03 -0.300000028637113E+01
  0.400690157277029E-03 -0.300000029118398E+01
  0.404043193501149E-03 -0.300000029607771E+01
  0.407424288442750E-03 -0.300000030105369E+01
  0.410833676901449E-03 -0.300000030611330E+01
  0.414271595641706E-03 -0.300000031125794E+01
  0.417738283409258E-03 -0.300000031648905E+01
  0.421233980947704E-03 -0.300000032180807E+01
  0.424758931015223E-03 -0.300000032721648E+01
  0.428313378401431E-03 -0.300000033271579E+01
  0.431897569944380E-03 -0.300000033830752E+01
  0.435511754547701E-03 -0.300000034399323E+01
  0.439156183197889E-03 -0.300000034977449E+01
  0.442831108981730E-03 -0.300000035565292E+01
  0.446536787103882E-03 -0.300000036163014E+01
  0.450273474904591E-03 -0.300000036770781E+01
  0.454041431877569E-03 -0.300000037388763E+01
  0.457840919688008E-03 -0.300000038017131E+01
  0.461672202190754E-03 -0.300000038656060E+01
  0.465535545448634E-03 -0.300000039305726E+01
  0.469431217750925E-03 -0.300000039966311E+01
  0.473359489631992E-03 -0.300000040637998E+01
  0.477320633890072E-03 -0.300000041320974E+01
  0.481314925606219E-03 -0.300000042015428E+01
  0.485342642163408E-03 -0.300000042721553E+01
  0.489404063265796E-03 -0.300000043439546E+01
  0.493499470958147E-03 -0.300000044169605E+01
  0.497629149645420E-03 -0.300000044911934E+01
  0.501793386112515E-03 -0.300000045666739E+01
  0.505992469544195E-03 -0.300000046434229E+01
  0.510226691545162E-03 -0.300000047214618E+01
  0.514496346160314E-03 -0.300000048008123E+01
  0.518801729895159E-03 -0.300000048814963E+01
  0.523143141736409E-03 -0.300000049635364E+01
  0.527520883172741E-03 -0.300000050469552E+01
  0.531935258215737E-03 -0.300000051317760E+01
  0.536386573420994E-03 -0.300000052180223E+01
  0.540875137909412E-03 -0.300000053057181E+01
  0.545401263388662E-03 -0.300000053948878E+01
  0.549965264174832E-03 -0.300000054855561E+01
  0.554567457214256E-03 -0.300000055777482E+01
  0.559208162105522E-03 -0.300000056714896E+01
  0.563887701121668E-03 -0.300000057668066E+01
  0.568606399232561E-03 -0.300000058637254E+01
  0.573364584127468E-03 -0.300000059622732E+01
  0.578162586237806E-03 -0.300000060624771E+01
  0.583000738760095E-03 -0.300000061643651E+01
  0.587879377679093E-03 -0.300000062679654E+01
  0.592798841791131E-03 -0.300000063733070E+01
  0.597759472727638E-03 -0.300000064804189E+01
  0.602761614978866E-03 -0.300000065893309E+01
  0.607805615917816E-03 -0.300000067000734E+01
  0.612891825824357E-03 -0.300000068126771E+01
  0.618020597909555E-03 -0.300000069271732E+01
  0.623192288340200E-03 -0.300000070435935E+01
  0.628407256263538E-03 -0.300000071619705E+01
  0.633665863832215E-03 -0.300000072823370E+01
  0.638968476229427E-03 -0.300000074047263E+01
  0.644315461694275E-03 -0.300000075291726E+01
  0.649707191547344E-03 -0.300000076557104E+01
  0.655144040216485E-03 -0.300000077843748E+01
  0.660626385262819E-03 -0.300000079152016E+01
  0.666154607406954E-03 -0.300000080482271E+01
  0.671729090555427E-03 -0.300000081834883E+01
  0.677350221827365E-03 -0.300000083210227E+01
  0.683018391581364E-03 -0.300000084608685E+01
  0.688733993442603E-03 -0.300000086030647E+01
  0.694497424330173E-03 -0.300000087476507E+01
  0.700309084484648E-03 -0.300000088946666E+01
  0.706169377495874E-03 -0.300000090441533E+01
  0.712078710330997E-03 -0.300000091961524E+01
  0.718037493362730E-03 -0.300000093507059E+01
  0.724046140397843E-03 -0.300000095078570E+01
  0.730105068705906E-03 -0.300000096676492E+01
  0.736214699048266E-03 -0.300000098301269E+01
  0.742375455707262E-03 -0.300000099953353E+01
  0.748587766515693E-03 -0.300000101633202E+01
  0.754852062886529E-03 -0.300000103341284E+01
  0.761168779842869E-03 -0.300000105078072E+01
  0.767538356048150E-03 -0.300000106844049E+01
  0.773961233836615E-03 -0.300000108639705E+01
  0.780437859244023E-03 -0.300000110465540E+01
  0.786968682038631E-03 -0.300000112322061E+01
  0.793554155752425E-03 -0.300000114209783E+01
  0.800194737712613E-03 -0.300000116129230E+01
  0.806890889073390E-03 -0.300000118080937E+01
  0.813643074847959E-03 -0.300000120065444E+01
  0.820451763940822E-03 -0.300000122083304E+01
  0.827317429180347E-03 -0.300000124135077E+01
  0.834240547351602E-03 -0.300000126221332E+01
  0.841221599229464E-03 -0.300000128342650E+01
  0.848261069612008E-03 -0.300000130499619E+01
  0.855359447354173E-03 -0.300000132692839E+01
  0.862517225401711E-03 -0.300000134922919E+01
  0.869734900825417E-03 -0.300000137190478E+01
  0.877012974855653E-03 -0.300000139496147E+01
  0.884351952917151E-03 -0.300000141840566E+01
  0.891752344664115E-03 -0.300000144224386E+01
  0.899214664015612E-03 -0.300000146648269E+01
  0.906739429191263E-03 -0.300000149112888E+01
  0.914327162747229E-03 -0.300000151618929E+01
  0.921978391612501E-03 -0.300000154167087E+01
  0.929693647125492E-03 -0.300000156758071E+01
  0.937473465070934E-03 -0.300000159392599E+01
  0.945318385717091E-03 -0.300000162071404E+01
  0.953228953853269E-03 -0.300000164795230E+01
  0.961205718827659E-03 -0.300000167564834E+01
  0.969249234585477E-03 -0.300000170380984E+01
  0.977360059707440E-03 -0.300000173244464E+01
  0.985538757448552E-03 -0.300000176156068E+01
  0.993785895777219E-03 -0.300000179116606E+01
  0.100210204741470E-02 -0.300000182126899E+01
  0.101048778987486E-02 -0.300000185187784E+01
  0.101894370550430E-02 -0.300000188300112E+01
  0.102747038152278E-02 -0.300000191464747E+01
  0.103606841006400E-02 -0.300000194682567E+01
  0.104473838821675E-02 -0.300000197954467E+01
  0.105348091806631E-02 -0.300000201281356E+01
  0.106229660673633E-02 -0.300000204664158E+01
  0.107118606643095E-02 -0.300000208103812E+01
  0.108014991447734E-02 -0.300000211601274E+01
  0.108918877336855E-02 -0.300000215157516E+01
  0.109830327080674E-02 -0.300000218773525E+01
  0.110749403974679E-02 -0.300000222450306E+01
  0.111676171844023E-02 -0.300000226188880E+01
  0.112610695047959E-02 -0.300000229990286E+01
  0.113553038484306E-02 -0.300000233855579E+01
  0.114503267593961E-02 -0.300000237785834E+01
  0.115461448365437E-02 -0.300000241782143E+01
  0.116427647339452E-02 -0.300000245845614E+01
  0.117401931613543E-02 -0.300000249977378E+01
  0.118384368846734E-02 -0.300000254178581E+01
  0.119375027264226E-02 -0.300000258450392E+01
  0.120373975662141E-02 -0.300000262793995E+01
  0.121381283412297E-02 -0.300000267210599E+01
  0.122397020467027E-02 -0.300000271701430E+01
  0.123421257364033E-02 -0.300000276267735E+01
  0.124454065231289E-02 -0.300000280910784E+01
  0.125495515791980E-02 -0.300000285631864E+01
  0.126545681369480E-02 -0.300000290432289E+01
  0.127604634892375E-02 -0.300000295313392E+01
  0.128672449899530E-02 -0.300000300276528E+01
  0.129749200545194E-02 -0.300000305323076E+01
  0.130834961604151E-02 -0.300000310454438E+01
  0.131929808476910E-02 -0.300000315672039E+01
  0.133033817194944E-02 -0.300000320977330E+01
  0.134147064425969E-02 -0.300000326371782E+01
  0.135269627479268E-02 -0.300000331856896E+01
  0.136401584311059E-02 -0.300000337434195E+01
  0.137543013529911E-02 -0.300000343105227E+01
  0.138693994402200E-02 -0.300000348871569E+01
  0.139854606857616E-02 -0.300000354734822E+01
  0.141024931494713E-02 -0.300000360696615E+01
  0.142205049586506E-02 -0.300000366758603E+01
  0.143395043086113E-02 -0.300000372922472E+01
  0.144594994632451E-02 -0.300000379189933E+01
  0.145804987555971E-02 -0.300000385562726E+01
  0.147025105884444E-02 -0.300000392042624E+01
  0.148255434348801E-02 -0.300000398631424E+01
  0.149496058389013E-02 -0.300000405330958E+01
  0.150747064160026E-02 -0.300000412143087E+01
  0.152008538537743E-02 -0.300000419069703E+01
  0.153280569125058E-02 -0.300000426112730E+01
  0.154563244257941E-02 -0.300000433274124E+01
  0.155856653011568E-02 -0.300000440555875E+01
  0.157160885206512E-02 -0.300000447960006E+01
  0.158476031414977E-02 -0.300000455488573E+01
  0.159802182967090E-02 -0.300000463143668E+01
  0.161139431957241E-02 -0.300000470927418E+01
  0.162487871250480E-02 -0.300000478841983E+01
  0.163847594488969E-02 -0.300000486889564E+01
  0.165218696098476E-02 -0.300000495072395E+01
  0.166601271294944E-02 -0.300000503392749E+01
  0.167995416091095E-02 -0.300000511852938E+01
  0.169401227303098E-02 -0.300000520455312E+01
  0.170818802557299E-02 -0.300000529202261E+01
  0.172248240296992E-02 -0.300000538096214E+01
  0.173689639789262E-02 -0.300000547139641E+01
  0.175143101131875E-02 -0.300000556335056E+01
  0.176608725260231E-02 -0.300000565685012E+01
  0.178086613954372E-02 -0.300000575192107E+01
  0.179576869846051E-02 -0.300000584858981E+01
  0.181079596425860E-02 -0.300000594688320E+01
  0.182594898050415E-02 -0.300000604682855E+01
  0.184122879949604E-02 -0.300000614845361E+01
  0.185663648233895E-02 -0.300000625178661E+01
  0.187217309901707E-02 -0.300000635685627E+01
  0.188783972846833E-02 -0.300000646369177E+01
  0.190363745865942E-02 -0.300000657232278E+01
  0.191956738666128E-02 -0.300000668277948E+01
  0.193563061872531E-02 -0.300000679509256E+01
  0.195182827036020E-02 -0.300000690929321E+01
  0.196816146640937E-02 -0.300000702541315E+01
  0.198463134112912E-02 -0.300000714348465E+01
  0.200123903826735E-02 -0.300000726354050E+01
  0.201798571114306E-02 -0.300000738561405E+01
  0.203487252272636E-02 -0.300000750973922E+01
  0.205190064571928E-02 -0.300000763595047E+01
  0.206907126263722E-02 -0.300000776428288E+01
  0.208638556589102E-02 -0.300000789477208E+01
  0.210384475786982E-02 -0.300000802745434E+01
  0.212145005102452E-02 -0.300000816236650E+01
  0.213920266795198E-02 -0.300000829954604E+01
  0.215710384147998E-02 -0.300000843903107E+01
  0.217515481475276E-02 -0.300000858086033E+01
  0.219335684131737E-02 -0.300000872507323E+01
  0.221171118521076E-02 -0.300000887170983E+01
  0.223021912104751E-02 -0.300000902081085E+01
  0.224888193410840E-02 -0.300000917241772E+01
  0.226770092042960E-02 -0.300000932657254E+01
  0.228667738689272E-02 -0.300000948331815E+01
  0.230581265131556E-02 -0.300000964269808E+01
  0.232510804254363E-02 -0.300000980475661E+01
  0.234456490054239E-02 -0.300000996953875E+01
  0.236418457649037E-02 -0.300001013709029E+01
  0.238396843287294E-02 -0.300001030745775E+01
  0.240391784357697E-02 -0.300001048068847E+01
  0.242403419398622E-02 -0.300001065683057E+01
  0.244431888107755E-02 -0.300001083593298E+01
  0.246477331351795E-02 -0.300001101804545E+01
  0.248539891176232E-02 -0.300001120321857E+01
  0.250619710815217E-02 -0.300001139150378E+01
  0.252716934701505E-02 -0.300001158295338E+01
  0.254831708476487E-02 -0.300001177762055E+01
  0.256964179000302E-02 -0.300001197555937E+01
  0.259114494362038E-02 -0.300001217682482E+01
  0.261282803890015E-02 -0.300001238147281E+01
  0.263469258162155E-02 -0.300001258956020E+01
  0.265674009016439E-02 -0.300001280114478E+01
  0.267897209561451E-02 -0.300001301628533E+01
  0.270139014187012E-02 -0.300001323504161E+01
  0.272399578574899E-02 -0.300001345747439E+01
  0.274679059709658E-02 -0.300001368364546E+01
  0.276977615889507E-02 -0.300001391361764E+01
  0.279295406737326E-02 -0.300001414745483E+01
  0.281632593211745E-02 -0.300001438522197E+01
  0.283989337618318E-02 -0.300001462698512E+01
  0.286365803620801E-02 -0.300001487281143E+01
  0.288762156252507E-02 -0.300001512276919E+01
  0.291178561927779E-02 -0.300001537692783E+01
  0.293615188453536E-02 -0.300001563535797E+01
  0.296072205040934E-02 -0.300001589813138E+01
  0.298549782317111E-02 -0.300001616532106E+01
  0.301048092337040E-02 -0.300001643700123E+01
  0.303567308595478E-02 -0.300001671324737E+01
  0.306107606039010E-02 -0.300001699413620E+01
  0.308669161078202E-02 -0.300001727974576E+01
  0.311252151599849E-02 -0.300001757015539E+01
  0.313856756979332E-02 -0.300001786544575E+01
  0.316483158093071E-02 -0.300001816569888E+01
  0.319131537331087E-02 -0.300001847099818E+01
  0.321802078609670E-02 -0.300001878142846E+01
  0.324494967384149E-02 -0.300001909707596E+01
  0.327210390661770E-02 -0.300001941802835E+01
  0.329948537014686E-02 -0.300001974437479E+01
  0.332709596593049E-02 -0.300002007620594E+01
  0.335493761138218E-02 -0.300002041361398E+01
  0.338301223996072E-02 -0.300002075669264E+01
  0.341132180130437E-02 -0.300002110553721E+01
  0.343986826136626E-02 -0.300002146024460E+01
  0.346865360255094E-02 -0.300002182091335E+01
  0.349767982385200E-02 -0.300002218764364E+01
  0.352694894099091E-02 -0.300002256053735E+01
  0.355646298655701E-02 -0.300002293969806E+01
  0.358622401014867E-02 -0.300002332523111E+01
  0.361623407851560E-02 -0.300002371724358E+01
  0.364649527570237E-02 -0.300002411584437E+01
  0.367700970319319E-02 -0.300002452114421E+01
  0.370777948005777E-02 -0.300002493325569E+01
  0.373880674309854E-02 -0.300002535229328E+01
  0.377009364699902E-02 -0.300002577837340E+01
  0.380164236447344E-02 -0.300002621161439E+01
  0.383345508641763E-02 -0.300002665213662E+01
  0.386553402206118E-02 -0.300002710006245E+01
  0.389788139912086E-02 -0.300002755551631E+01
  0.393049946395527E-02 -0.300002801862471E+01
  0.396339048172094E-02 -0.300002848951632E+01
  0.399655673652953E-02 -0.300002896832193E+01
  0.403000053160651E-02 -0.300002945517455E+01
  0.406372418945108E-02 -0.300002995020943E+01
  0.409773005199749E-02 -0.300003045356408E+01
  0.413202048077764E-02 -0.300003096537832E+01
  0.416659785708507E-02 -0.300003148579434E+01
  0.420146458214038E-02 -0.300003201495669E+01
  0.423662307725793E-02 -0.300003255301238E+01
  0.427207578401401E-02 -0.300003310011087E+01
  0.430782516441639E-02 -0.300003365640414E+01
  0.434387370107529E-02 -0.300003422204673E+01
  0.438022389737582E-02 -0.300003479719575E+01
  0.441687827765176E-02 -0.300003538201099E+01
  0.445383938736091E-02 -0.300003597665489E+01
  0.449110979326187E-02 -0.300003658129265E+01
  0.452869208359224E-02 -0.300003719609223E+01
  0.456658886824840E-02 -0.300003782122441E+01
  0.460480277896674E-02 -0.300003845686284E+01
  0.464333646950641E-02 -0.300003910318411E+01
  0.468219261583363E-02 -0.300003976036776E+01
  0.472137391630751E-02 -0.300004042859633E+01
  0.476088309186744E-02 -0.300004110805547E+01
  0.480072288622205E-02 -0.300004179893392E+01
  0.484089606603973E-02 -0.300004250142360E+01
  0.488140542114078E-02 -0.300004321571965E+01
  0.492225376469114E-02 -0.300004394202050E+01
  0.496344393339776E-02 -0.300004468052792E+01
  0.500497878770556E-02 -0.300004543144704E+01
  0.504686121199612E-02 -0.300004619498648E+01
  0.508909411478797E-02 -0.300004697135833E+01
  0.513168042893853E-02 -0.300004776077826E+01
  0.517462311184787E-02 -0.300004856346558E+01
  0.521792514566399E-02 -0.300004937964325E+01
  0.526158953748997E-02 -0.300005020953802E+01
  0.530561931959279E-02 -0.300005105338041E+01
  0.535001754961392E-02 -0.300005191140484E+01
  0.539478731078160E-02 -0.300005278384966E+01
  0.543993171212502E-02 -0.300005367095723E+01
  0.548545388869020E-02 -0.300005457297399E+01
  0.553135700175770E-02 -0.300005549015051E+01
  0.557764423906213E-02 -0.300005642274157E+01
  0.562431881501359E-02 -0.300005737100625E+01
  0.567138397092084E-02 -0.300005833520795E+01
  0.571884297521638E-02 -0.300005931561454E+01
  0.576669912368348E-02 -0.300006031249837E+01
  0.581495573968501E-02 -0.300006132613635E+01
  0.586361617439426E-02 -0.300006235681009E+01
  0.591268380702764E-02 -0.300006340480588E+01
  0.596216204507936E-02 -0.300006447041486E+01
  0.601205432455804E-02 -0.300006555393305E+01
  0.606236411022539E-02 -0.300006665566145E+01
  0.611309489583672E-02 -0.300006777590610E+01
  0.616425020438365E-02 -0.300006891497822E+01
  0.621583358833871E-02 -0.300007007319422E+01
  0.626784862990209E-02 -0.300007125087586E+01
  0.632029894125035E-02 -0.300007244835029E+01
  0.637318816478730E-02 -0.300007366595016E+01
  0.642651997339694E-02 -0.300007490401373E+01
  0.648029807069853E-02 -0.300007616288491E+01
  0.653452619130376E-02 -0.300007744291342E+01
  0.658920810107614E-02 -0.300007874445485E+01
  0.664434759739248E-02 -0.300008006787076E+01
  0.669994850940665E-02 -0.300008141352880E+01
  0.675601469831542E-02 -0.300008278180278E+01
  0.681255005762667E-02 -0.300008417307281E+01
  0.686955851342975E-02 -0.300008558772538E+01
  0.692704402466809E-02 -0.300008702615348E+01
  0.698501058341420E-02 -0.300008848875670E+01
  0.704346221514684E-02 -0.300008997594135E+01
  0.710240297903059E-02 -0.300009148812056E+01
  0.716183696819774E-02 -0.300009302571444E+01
  0.722176831003254E-02 -0.300009458915010E+01
  0.728220116645781E-02 -0.300009617886188E+01
  0.734313973422398E-02 -0.300009779529141E+01
  0.740458824520052E-02 -0.300009943888771E+01
  0.746655096666983E-02 -0.300010111010739E+01
  0.752903220162358E-02 -0.300010280941472E+01
  0.759203628906154E-02 -0.300010453728175E+01
  0.765556760429287E-02 -0.300010629418850E+01
  0.771963055923999E-02 -0.300010808062304E+01
  0.778422960274497E-02 -0.300010989708164E+01
  0.784936922087845E-02 -0.300011174406892E+01
  0.791505393725121E-02 -0.300011362209798E+01
  0.798128831332828E-02 -0.300011553169053E+01
  0.804807694874573E-02 -0.300011747337708E+01
  0.811542448163008E-02 -0.300011944769702E+01
  0.818333558892041E-02 -0.300012145519883E+01
  0.825181498669311E-02 -0.300012349644021E+01
  0.832086743048945E-02 -0.300012557198822E+01
  0.839049771564578E-02 -0.300012768241945E+01
  0.846071067762654E-02 -0.300012982832020E+01
  0.853151119236009E-02 -0.300013201028661E+01
  0.860290417657729E-02 -0.300013422892485E+01
  0.867489458815297E-02 -0.300013648485125E+01
  0.874748742645020E-02 -0.300013877869255E+01
  0.882068773266746E-02 -0.300014111108597E+01
  0.889450059018878E-02 -0.300014348267949E+01
  0.896893112493671E-02 -0.300014589413193E+01
  0.904398450572829E-02 -0.300014834611324E+01
  0.911966594463402E-02 -0.300015083930458E+01
  0.919598069733978E-02 -0.300015337439859E+01
  0.927293406351187E-02 -0.300015595209955E+01
  0.935053138716496E-02 -0.300015857312356E+01
  0.942877805703326E-02 -0.300016123819877E+01
  0.950767950694476E-02 -0.300016394806556E+01
  0.958724121619849E-02 -0.300016670347678E+01
  0.966746870994515E-02 -0.300016950519790E+01
  0.974836755957070E-02 -0.300017235400727E+01
  0.982994338308333E-02 -0.300017525069634E+01
  0.991220184550356E-02 -0.300017819606984E+01
  0.999514865925767E-02 -0.300018119094603E+01
  0.100787895845744E-01 -0.300018423615694E+01
  0.101631304298849E-01 -0.300018733254856E+01
  0.102481770522264E-01 -0.300019048098113E+01
  0.103339353576483E-01 -0.300019368232932E+01
  0.104204113016230E-01 -0.300019693748252E+01
  0.105076108894592E-01 -0.300020024734507E+01
  0.105955401767188E-01 -0.300020361283650E+01
  0.106842052696377E-01 -0.300020703489180E+01
  0.107736123255496E-01 -0.300021051446170E+01
  0.108637675533138E-01 -0.300021405251287E+01
  0.109546772137463E-01 -0.300021765002826E+01
  0.110463476200544E-01 -0.300022130800732E+01
  0.111387851382754E-01 -0.300022502746632E+01
  0.112319961877185E-01 -0.300022880943861E+01
  0.113259872414108E-01 -0.300023265497490E+01
  0.114207648265465E-01 -0.300023656514356E+01
  0.115163355249405E-01 -0.300024054103094E+01
  0.116127059734853E-01 -0.300024458374162E+01
  0.117098828646117E-01 -0.300024869439877E+01
  0.118078729467542E-01 -0.300025287414444E+01
  0.119066830248188E-01 -0.300025712413987E+01
  0.120063199606563E-01 -0.300026144556581E+01
  0.121067906735384E-01 -0.300026583962288E+01
  0.122081021406383E-01 -0.300027030753186E+01
  0.123102613975152E-01 -0.300027485053408E+01
  0.124132755386030E-01 -0.300027946989171E+01
  0.125171517177030E-01 -0.300028416688815E+01
  0.126218971484805E-01 -0.300028894282837E+01
  0.127275191049657E-01 -0.300029379903928E+01
  0.128340249220593E-01 -0.300029873687009E+01
  0.129414219960412E-01 -0.300030375769269E+01
  0.130497177850849E-01 -0.300030886290204E+01
  0.131589198097747E-01 -0.300031405391655E+01
  0.132690356536285E-01 -0.300031933217846E+01
  0.133800729636241E-01 -0.300032469915427E+01
  0.134920394507305E-01 -0.300033015633513E+01
  0.136049428904431E-01 -0.300033570523725E+01
  0.137187911233239E-01 -0.300034134740234E+01
  0.138335920555461E-01 -0.300034708439802E+01
  0.139493536594426E-01 -0.300035291781825E+01
  0.140660839740603E-01 -0.300035884928382E+01
  0.141837911057180E-01 -0.300036488044273E+01
  0.143024832285693E-01 -0.300037101297071E+01
  0.144221685851704E-01 -0.300037724857165E+01
  0.145428554870526E-01 -0.300038358897810E+01
  0.146645523152991E-01 -0.300039003595170E+01
  0.147872675211276E-01 -0.300039659128375E+01
  0.149110096264766E-01 -0.300040325679564E+01
  0.150357872245977E-01 -0.300041003433938E+01
  0.151616089806519E-01 -0.300041692579812E+01
  0.152884836323118E-01 -0.300042393308668E+01
  0.154164199903681E-01 -0.300043105815205E+01
  0.155454269393414E-01 -0.300043830297397E+01
  0.156755134380996E-01 -0.300044566956545E+01
  0.158066885204795E-01 -0.300045315997336E+01
  0.159389612959145E-01 -0.300046077627897E+01
  0.160723409500673E-01 -0.300046852059854E+01
  0.162068367454675E-01 -0.300047639508392E+01
  0.163424580221548E-01 -0.300048440192314E+01
  0.164792141983280E-01 -0.300049254334099E+01
  0.166171147709987E-01 -0.300050082159970E+01
  0.167561693166511E-01 -0.300050923899950E+01
  0.168963874919066E-01 -0.300051779787933E+01
  0.170377790341949E-01 -0.300052650061744E+01
  0.171803537624298E-01 -0.300053534963205E+01
  0.173241215776916E-01 -0.300054434738205E+01
  0.174690924639141E-01 -0.300055349636768E+01
  0.176152764885781E-01 -0.300056279913122E+01
  0.177626838034108E-01 -0.300057225825767E+01
  0.179113246450905E-01 -0.300058187637553E+01
  0.180612093359576E-01 -0.300059165615746E+01
  0.182123482847314E-01 -0.300060160032108E+01
  0.183647519872331E-01 -0.300061171162971E+01
  0.185184310271143E-01 -0.300062199289310E+01
  0.186733960765923E-01 -0.300063244696829E+01
  0.188296578971912E-01 -0.300064307676032E+01
  0.189872273404890E-01 -0.300065388522310E+01
  0.191461153488716E-01 -0.300066487536021E+01
  0.193063329562923E-01 -0.300067605022573E+01
  0.194678912890382E-01 -0.300068741292508E+01
  0.196308015665029E-01 -0.300069896661592E+01
  0.197950751019656E-01 -0.300071071450901E+01
  0.199607233033767E-01 -0.300072265986908E+01
  0.201277576741501E-01 -0.300073480601577E+01
  0.202961898139620E-01 -0.300074715632454E+01
  0.204660314195565E-01 -0.300075971422762E+01
  0.206372942855577E-01 -0.300077248321496E+01
  0.208099903052891E-01 -0.300078546683517E+01
  0.209841314715993E-01 -0.300079866869657E+01
  0.211597298776947E-01 -0.300081209246814E+01
  0.213367977179797E-01 -0.300082574188056E+01
  0.215153472889033E-01 -0.300083962072727E+01
  0.216953909898129E-01 -0.300085373286548E+01
  0.218769413238157E-01 -0.300086808221728E+01
  0.220600108986468E-01 -0.300088267277071E+01
  0.222446124275446E-01 -0.300089750858091E+01
  0.224307587301340E-01 -0.300091259377118E+01
  0.226184627333163E-01 -0.300092793253419E+01
  0.228077374721671E-01 -0.300094352913311E+01
  0.229985960908417E-01 -0.300095938790283E+01
  0.231910518434875E-01 -0.300097551325112E+01
  0.233851180951646E-01 -0.300099190965992E+01
  0.235808083227740E-01 -0.300100858168651E+01
  0.237781361159936E-01 -0.300102553396486E+01
  0.239771151782217E-01 -0.300104277120684E+01
  0.241777593275285E-01 -0.300106029820362E+01
  0.243800824976163E-01 -0.300107811982693E+01
  0.245840987387865E-01 -0.300109624103043E+01
  0.247898222189155E-01 -0.300111466685113E+01
  0.249972672244390E-01 -0.300113340241076E+01
  0.252064481613433E-01 -0.300115245291719E+01
  0.254173795561665E-01 -0.300117182366590E+01
  0.256300760570070E-01 -0.300119152004145E+01
  0.258445524345405E-01 -0.300121154751897E+01
  0.260608235830461E-01 -0.300123191166570E+01
  0.262789045214404E-01 -0.300125261814253E+01
  0.264988103943208E-01 -0.300127367270557E+01
  0.267205564730168E-01 -0.300129508120778E+01
  0.269441581566506E-01 -0.300131684960056E+01
  0.271696309732070E-01 -0.300133898393547E+01
  0.273969905806110E-01 -0.300136149036582E+01
  0.276262527678155E-01 -0.300138437514851E+01
  0.278574334558980E-01 -0.300140764464564E+01
  0.280905486991658E-01 -0.300143130532640E+01
  0.283256146862711E-01 -0.300145536376879E+01
  0.285626477413353E-01 -0.300147982666150E+01
  0.288016643250825E-01 -0.300150470080574E+01
  0.290426810359826E-01 -0.300152999311718E+01
  0.292857146114040E-01 -0.300155571062782E+01
  0.295307819287761E-01 -0.300158186048801E+01
  0.297779000067610E-01 -0.300160844996839E+01
  0.300270860064358E-01 -0.300163548646195E+01
  0.302783572324837E-01 -0.300166297748610E+01
  0.305317311343966E-01 -0.300169093068471E+01
  0.307872253076861E-01 -0.300171935383032E+01
  0.310448574951058E-01 -0.300174825482623E+01
  0.313046455878833E-01 -0.300177764170875E+01
  0.315666076269629E-01 -0.300180752264946E+01
  0.318307618042581E-01 -0.300183790595742E+01
  0.320971264639151E-01 -0.300186880008153E+01
  0.323657201035868E-01 -0.300190021361292E+01
  0.326365613757173E-01 -0.300193215528727E+01
  0.329096690888370E-01 -0.300196463398730E+01
  0.331850622088691E-01 -0.300199765874524E+01
  0.334627598604465E-01 -0.300203123874533E+01
  0.337427813282399E-01 -0.300206538332641E+01
  0.340251460582972E-01 -0.300210010198451E+01
  0.343098736593937E-01 -0.300213540437548E+01
  0.345969839043938E-01 -0.300217130031774E+01
  0.348864967316243E-01 -0.300220779979496E+01
  0.351784322462592E-01 -0.300224491295889E+01
  0.354728107217152E-01 -0.300228265013216E+01
  0.357696526010605E-01 -0.300232102181117E+01
  0.360689784984337E-01 -0.300236003866906E+01
  0.363708092004757E-01 -0.300239971155863E+01
  0.366751656677733E-01 -0.300244005151540E+01
  0.369820690363146E-01 -0.300248106976070E+01
  0.372915406189568E-01 -0.300252277770476E+01
  0.376036019069064E-01 -0.300256518694997E+01
  0.379182745712116E-01 -0.300260830929404E+01
  0.382355804642673E-01 -0.300265215673336E+01
  0.385555416213324E-01 -0.300269674146631E+01
  0.388781802620602E-01 -0.300274207589667E+01
  0.392035187920417E-01 -0.300278817263712E+01
  0.395315798043610E-01 -0.300283504451273E+01
  0.398623860811648E-01 -0.300288270456454E+01
  0.401959605952440E-01 -0.300293116605323E+01
  0.405323265116295E-01 -0.300298044246282E+01
  0.408715071892008E-01 -0.300303054750442E+01
  0.412135261823078E-01 -0.300308149512007E+01
  0.415584072424069E-01 -0.300313329948664E+01
  0.419061743197104E-01 -0.300318597501983E+01
  0.422568515648496E-01 -0.300323953637810E+01
  0.426104633305518E-01 -0.300329399846689E+01
  0.429670341733316E-01 -0.300334937644271E+01
  0.433265888551967E-01 -0.300340568571739E+01
  0.436891523453664E-01 -0.300346294196241E+01
  0.440547498220068E-01 -0.300352116111327E+01
  0.444234066739784E-01 -0.300358035937397E+01
  0.447951485025995E-01 -0.300364055322149E+01
  0.451700011234245E-01 -0.300370175941045E+01
  0.455479905680358E-01 -0.300376399497781E+01
  0.459291430858525E-01 -0.300382727724755E+01
  0.463134851459525E-01 -0.300389162383565E+01
  0.467010434389112E-01 -0.300395705265488E+01
  0.470918448786546E-01 -0.300402358191995E+01
  0.474859166043287E-01 -0.300409123015248E+01
  0.478832859821838E-01 -0.300416001618631E+01
  0.482839806074755E-01 -0.300422995917266E+01
  0.486880283063802E-01 -0.300430107858557E+01
  0.490954571379285E-01 -0.300437339422735E+01
  0.495062953959529E-01 -0.300444692623406E+01
  0.499205716110531E-01 -0.300452169508125E+01
  0.503383145525771E-01 -0.300459772158959E+01
  0.507595532306194E-01 -0.300467502693081E+01
  0.511843168980353E-01 -0.300475363263355E+01
  0.516126350524722E-01 -0.300483356058943E+01
  0.520445374384187E-01 -0.300491483305918E+01
  0.524800540492696E-01 -0.300499747267890E+01
  0.529192151294089E-01 -0.300508150246635E+01
  0.533620511763105E-01 -0.300516694582748E+01
  0.538085929426554E-01 -0.300525382656292E+01
  0.542588714384681E-01 -0.300534216887471E+01
  0.547129179332695E-01 -0.300543199737307E+01
  0.551707639582487E-01 -0.300552333708329E+01
  0.556324413084524E-01 -0.300561621345275E+01
  0.560979820449934E-01 -0.300571065235811E+01
  0.565674184972765E-01 -0.300580668011248E+01
  0.570407832652441E-01 -0.300590432347290E+01
  0.575181092216397E-01 -0.300600360964778E+01
  0.579994295142909E-01 -0.300610456630459E+01
  0.584847775684116E-01 -0.300620722157757E+01
  0.589741870889227E-01 -0.300631160407569E+01
  0.594676920627933E-01 -0.300641774289064E+01
  0.599653267614003E-01 -0.300652566760501E+01
  0.604671257429090E-01 -0.300663540830062E+01
  0.609731238546725E-01 -0.300674699556693E+01
  0.614833562356520E-01 -0.300686046050967E+01
  0.619978583188566E-01 -0.300697583475958E+01
  0.625166658338045E-01 -0.300709315048126E+01
  0.630398148090039E-01 -0.300721244038224E+01
  0.635673415744549E-01 -0.300733373772217E+01
  0.640992827641727E-01 -0.300745707632217E+01
  0.646356753187315E-01 -0.300758249057432E+01
  0.651765564878298E-01 -0.300771001545136E+01
  0.657219638328772E-01 -0.300783968651648E+01
  0.662719352296030E-01 -0.300797153993337E+01
  0.668265088706864E-01 -0.300810561247636E+01
  0.673857232684087E-01 -0.300824194154076E+01
  0.679496172573276E-01 -0.300838056515341E+01
  0.685182299969747E-01 -0.300852152198334E+01
  0.690916009745742E-01 -0.300866485135268E+01
  0.696697700077857E-01 -0.300881059324770E+01
  0.702527772474686E-01 -0.300895878833009E+01
  0.708406631804713E-01 -0.300910947794836E+01
  0.714334686324420E-01 -0.300926270414953E+01
  0.720312347706642E-01 -0.300941850969093E+01
  0.726340031069154E-01 -0.300957693805226E+01
  0.732418155003503E-01 -0.300973803344779E+01
  0.738547141604070E-01 -0.300990184083887E+01
  0.744727416497387E-01 -0.301006840594652E+01
  0.750959408871696E-01 -0.301023777526436E+01
  0.757243551506749E-01 -0.301040999607169E+01
  0.763580280803865E-01 -0.301058511644676E+01
  0.769970036816237E-01 -0.301076318528039E+01
  0.776413263279489E-01 -0.301094425228967E+01
  0.782910407642493E-01 -0.301112836803198E+01
  0.789461921098439E-01 -0.301131558391928E+01
  0.796068258616175E-01 -0.301150595223251E+01
  0.802729878971792E-01 -0.301169952613638E+01
  0.809447244780493E-01 -0.301189635969431E+01
  0.816220822528715E-01 -0.301209650788368E+01
  0.823051082606523E-01 -0.301230002661132E+01
  0.829938499340279E-01 -0.301250697272922E+01
  0.836883551025578E-01 -0.301271740405060E+01
  0.843886719960469E-01 -0.301293137936615E+01
  0.850948492478941E-01 -0.301314895846061E+01
  0.858069358984703E-01 -0.301337020212962E+01
  0.865249813985233E-01 -0.301359517219680E+01
  0.872490356126127E-01 -0.301382393153122E+01
  0.879791488225720E-01 -0.301405654406505E+01
  0.887153717310009E-01 -0.301429307481162E+01
  0.894577554647862E-01 -0.301453358988366E+01
  0.902063515786521E-01 -0.301477815651196E+01
  0.909612120587407E-01 -0.301502684306429E+01
  0.917223893262221E-01 -0.301527971906464E+01
  0.924899362409347E-01 -0.301553685521275E+01
  0.932639061050559E-01 -0.301579832340408E+01
  0.940443526668040E-01 -0.301606419674995E+01
  0.948313301241707E-01 -0.301633454959818E+01
  0.956248931286844E-01 -0.301660945755395E+01
  0.964250967892061E-01 -0.301688899750107E+01
  0.972319966757560E-01 -0.301717324762361E+01
  0.980456488233727E-01 -0.301746228742784E+01
  0.988661097360046E-01 -0.301775619776458E+01
  0.996934363904336E-01 -0.301805506085193E+01
  0.100527686240232E+00 -0.301835896029832E+01
  0.101368917219753E+00 -0.301866798112598E+01
  0.102217187748152E+00 -0.301898220979483E+01
  0.103072556733446E+00 -0.301930173422668E+01
  0.103935083576602E+00 -0.301962664382991E+01
  0.104804828175665E+00 -0.301995702952452E+01
  0.105681850929914E+00 -0.302029298376759E+01
  0.106566212744060E+00 -0.302063460057913E+01
  0.107457975032474E+00 -0.302098197556847E+01
  0.108357199723449E+00 -0.302133520596092E+01
  0.109263949263508E+00 -0.302169439062495E+01
  0.110178286621732E+00 -0.302205963009985E+01
  0.111100275294138E+00 -0.302243102662374E+01
  0.112029979308089E+00 -0.302280868416211E+01
  0.112967463226736E+00 -0.302319270843681E+01
  0.113912792153506E+00 -0.302358320695546E+01
  0.114866031736622E+00 -0.302398028904138E+01
  0.115827248173660E+00 -0.302438406586399E+01
  0.116796508216147E+00 -0.302479465046970E+01
  0.117773879174198E+00 -0.302521215781323E+01
  0.118759428921189E+00 -0.302563670478956E+01
  0.119753225898471E+00 -0.302606841026622E+01
  0.120755339120122E+00 -0.302650739511622E+01
  0.121765838177741E+00 -0.302695378225145E+01
  0.122784793245280E+00 -0.302740769665656E+01
  0.123812275083916E+00 -0.302786926542347E+01
  0.124848355046969E+00 -0.302833861778627E+01
  0.125893105084851E+00 -0.302881588515682E+01
  0.126946597750069E+00 -0.302930120116076E+01
  0.128008906202259E+00 -0.302979470167416E+01
  0.129080104213269E+00 -0.303029652486067E+01
  0.130160266172279E+00 -0.303080681120928E+01
  0.131249467090970E+00 -0.303132570357259E+01
  0.132347782608734E+00 -0.303185334720570E+01
  0.133455288997922E+00 -0.303238988980567E+01
  0.134572063169145E+00 -0.303293548155153E+01
  0.135698182676615E+00 -0.303349027514493E+01
  0.136833725723526E+00 -0.303405442585129E+01
  0.137978771167493E+00 -0.303462809154166E+01
  0.139133398526019E+00 -0.303521143273511E+01
  0.140297687982024E+00 -0.303580461264170E+01
  0.141471720389411E+00 -0.303640779720610E+01
  0.142655577278679E+00 -0.303702115515181E+01
  0.143849340862588E+00 -0.303764485802600E+01
  0.145053094041867E+00 -0.303827908024487E+01
  0.146266920410970E+00 -0.303892399913980E+01
  0.147490904263884E+00 -0.303957979500392E+01
  0.148725130599978E+00 -0.304024665113943E+01
  0.149969685129911E+00 -0.304092475390547E+01
  0.151224654281581E+00 -0.304161429276662E+01
  0.152490125206128E+00 -0.304231546034204E+01
  0.153766185783985E+00 -0.304302845245517E+01
  0.155052924630984E+00 -0.304375346818406E+01
  0.156350431104506E+00 -0.304449070991230E+01
  0.157658795309689E+00 -0.304524038338061E+01
  0.158978108105683E+00 -0.304600269773889E+01
  0.160308461111963E+00 -0.304677786559901E+01
  0.161649946714690E+00 -0.304756610308808E+01
  0.163002658073124E+00 -0.304836762990232E+01
  0.164366689126098E+00 -0.304918266936154E+01
  0.165742134598540E+00 -0.305001144846409E+01
  0.167129090008047E+00 -0.305085419794245E+01
  0.168527651671527E+00 -0.305171115231923E+01
  0.169937916711878E+00 -0.305258254996384E+01
  0.171359983064739E+00 -0.305346863314953E+01
  0.172793949485291E+00 -0.305436964811093E+01
  0.174239915555109E+00 -0.305528584510216E+01
  0.175697981689087E+00 -0.305621747845522E+01
  0.177168249142403E+00 -0.305716480663893E+01
  0.178650820017553E+00 -0.305812809231823E+01
  0.180145797271445E+00 -0.305910760241378E+01
  0.181653284722545E+00 -0.306010360816200E+01
  0.183173387058086E+00 -0.306111638517536E+01
  0.184706209841341E+00 -0.306214621350293E+01
  0.186251859518954E+00 -0.306319337769121E+01
  0.187810443428329E+00 -0.306425816684512E+01
  0.189382069805085E+00 -0.306534087468915E+01
  0.190966847790576E+00 -0.306644179962863E+01
  0.192564887439464E+00 -0.306756124481105E+01
  0.194176299727367E+00 -0.306869951818735E+01
  0.195801196558565E+00 -0.306985693257323E+01
  0.197439690773767E+00 -0.307103380571030E+01
  0.199091896157953E+00 -0.307223046032702E+01
  0.200757927448272E+00 -0.307344722419946E+01
  0.202437900342011E+00 -0.307468443021174E+01
  0.204131931504629E+00 -0.307594241641597E+01
  0.205840138577860E+00 -0.307722152609183E+01
  0.207562640187881E+00 -0.307852210780552E+01
  0.209299555953553E+00 -0.307984451546802E+01
  0.211051006494723E+00 -0.308118910839263E+01
  0.212817113440606E+00 -0.308255625135162E+01
  0.214597999438226E+00 -0.308394631463183E+01
  0.216393788160939E+00 -0.308535967408927E+01
  0.218204604317016E+00 -0.308679671120237E+01
  0.220030573658306E+00 -0.308825781312392E+01
  0.221871822988971E+00 -0.308974337273145E+01
  0.223728480174287E+00 -0.309125378867596E+01
  0.225600674149526E+00 -0.309278946542879E+01
  0.227488534928912E+00 -0.309435081332646E+01
  0.229392193614646E+00 -0.309593824861340E+01
  0.231311782406013E+00 -0.309755219348216E+01
  0.233247434608563E+00 -0.309919307611113E+01
  0.235199284643364E+00 -0.310086133069939E+01
  0.237167468056342E+00 -0.310255739749858E+01
  0.239152121527692E+00 -0.310428172284140E+01
  0.241153382881370E+00 -0.310603475916669E+01
  0.243171391094662E+00 -0.310781696504053E+01
  0.245206286307839E+00 -0.310962880517345E+01
  0.247258209833886E+00 -0.311147075043307E+01
  0.249327304168316E+00 -0.311334327785214E+01
  0.251413712999069E+00 -0.311524687063144E+01
  0.253517581216485E+00 -0.311718201813734E+01
  0.255639054923368E+00 -0.311914921589354E+01
  0.257778281445135E+00 -0.312114896556668E+01
  0.259935409340042E+00 -0.312318177494529E+01
  0.262110588409505E+00 -0.312524815791176E+01
  0.264303969708499E+00 -0.312734863440681E+01
  0.266515705556052E+00 -0.312948373038598E+01
  0.268745949545820E+00 -0.313165397776758E+01
  0.270994856556754E+00 -0.313385991437172E+01
  0.273262582763857E+00 -0.313610208384961E+01
  0.275549285649025E+00 -0.313838103560276E+01
  0.277855124011989E+00 -0.314069732469126E+01
  0.280180257981340E+00 -0.314305151173069E+01
  0.282524849025650E+00 -0.314544416277669E+01
  0.284889059964683E+00 -0.314787584919677E+01
  0.287273054980704E+00 -0.315034714752826E+01
  0.289676999629880E+00 -0.315285863932194E+01
  0.292101060853780E+00 -0.315541091097011E+01
  0.294545406990961E+00 -0.315800455351864E+01
  0.297010207788666E+00 -0.316064016246162E+01
  0.299495634414607E+00 -0.316331833751800E+01
  0.302001859468854E+00 -0.316603968238891E+01
  0.304529056995822E+00 -0.316880480449479E+01
  0.307077402496353E+00 -0.317161431469097E+01
  0.309647072939910E+00 -0.317446882696071E+01
  0.312238246776862E+00 -0.317736895808433E+01
  0.314851103950877E+00 -0.318031532728309E+01
  0.317485825911420E+00 -0.318330855583660E+01
  0.320142595626354E+00 -0.318634926667206E+01
  0.322821597594643E+00 -0.318943808392412E+01
  0.325523017859166E+00 -0.319257563246349E+01
  0.328247044019639E+00 -0.319576253739282E+01
  0.330993865245640E+00 -0.319899942350808E+01
  0.333763672289746E+00 -0.320228691472356E+01
  0.336556657500784E+00 -0.320562563345866E+01
  0.339373014837180E+00 -0.320901619998445E+01
  0.342212939880437E+00 -0.321245923172791E+01
  0.345076629848715E+00 -0.321595534253174E+01
  0.347964283610522E+00 -0.321950514186736E+01
  0.350876101698530E+00 -0.322310923399883E+01
  0.353812286323499E+00 -0.322676821709525E+01
  0.356773041388319E+00 -0.323048268228889E+01
  0.359758572502170E+00 -0.323425321267655E+01
  0.362769086994802E+00 -0.323808038226126E+01
  0.365804793930931E+00 -0.324196475483140E+01
  0.368865904124759E+00 -0.324590688277423E+01
  0.371952630154612E+00 -0.324990730582064E+01
  0.375065186377706E+00 -0.325396654971785E+01
  0.378203788945030E+00 -0.325808512482663E+01
  0.381368655816355E+00 -0.326226352463954E+01
  0.384560006775375E+00 -0.326650222421636E+01
  0.387778063444969E+00 -0.327080167853309E+01
  0.391023049302585E+00 -0.327516232074039E+01
  0.394295189695769E+00 -0.327958456032737E+01
  0.397594711857808E+00 -0.328406878118660E+01
  0.400921844923510E+00 -0.328861533957581E+01
  0.404276819945120E+00 -0.329322456197173E+01
  0.407659869908364E+00 -0.329789674281152E+01
  0.411071229748625E+00 -0.330263214211678E+01
  0.414511136367264E+00 -0.330743098299527E+01
  0.417979828648067E+00 -0.331229344901513E+01
  0.421477547473837E+00 -0.331721968144638E+01
  0.425004535743119E+00 -0.332220977636428E+01
  0.428561038387073E+00 -0.332726378160898E+01
  0.432147302386477E+00 -0.333238169359572E+01
  0.435763576788885E+00 -0.333756345396997E+01
  0.439410112725916E+00 -0.334280894610136E+01
  0.443087163430698E+00 -0.334811799141050E+01
  0.446794984255452E+00 -0.335349034552260E+01
  0.450533832689226E+00 -0.335892569424150E+01
  0.454303968375773E+00 -0.336442364933814E+01
  0.458105653131589E+00 -0.336998374414680E+01
  0.461939150964086E+00 -0.337560542896304E+01
  0.465804728089933E+00 -0.338128806623680E+01
  0.469702652953538E+00 -0.338703092555440E+01
  0.473633196245694E+00 -0.339283317840305E+01
  0.477596630922378E+00 -0.339869389271172E+01
  0.481593232223700E+00 -0.340461202716217E+01
  0.485623277693025E+00 -0.341058642526421E+01
  0.489687047196239E+00 -0.341661580918936E+01
  0.493784822941193E+00 -0.342269877335739E+01
  0.497916889497292E+00 -0.342883377777043E+01
  0.502083533815264E+00 -0.343501914108977E+01
  0.506285045247083E+00 -0.344125303345078E+01
  0.510521715566065E+00 -0.344753346901206E+01
  0.514793838987128E+00 -0.345385829823509E+01
  0.519101712187229E+00 -0.346022519989175E+01
  0.523445634325958E+00 -0.346663167279754E+01
  0.527825907066321E+00 -0.347307502726907E+01
  0.532242834595686E+00 -0.347955237630555E+01
  0.536696723646905E+00 -0.348606062649495E+01
  0.541187883519621E+00 -0.349259646864649E+01
  0.545716626101739E+00 -0.349915636815273E+01
  0.550283265891093E+00 -0.350573655508561E+01
  0.554888120017281E+00 -0.351233301403267E+01
  0.559531508263689E+00 -0.351894147368113E+01
  0.564213753089702E+00 -0.352555739615971E+01
  0.568935179653092E+00 -0.353217596614987E+01
  0.573696115832600E+00 -0.353879207978056E+01
  0.578496892250709E+00 -0.354540033332317E+01
  0.583337842296598E+00 -0.355199501170568E+01
  0.588219302149299E+00 -0.355857007686842E+01
  0.593141610801043E+00 -0.356511915598650E+01
  0.598105110080796E+00 -0.357163552958772E+01
  0.603110144678004E+00 -0.357811211959818E+01
  0.608157062166525E+00 -0.358454147735190E+01
  0.613246213028768E+00 -0.359091577160462E+01
  0.618377950680034E+00 -0.359722677659678E+01
  0.623552631493053E+00 -0.360346586021498E+01
  0.628770614822741E+00 -0.360962397230661E+01
  0.634032263031148E+00 -0.361569163320725E+01
  0.639337941512625E+00 -0.362165892254630E+01
  0.644688018719198E+00 -0.362751546840190E+01
  0.650082866186158E+00 -0.363325043688243E+01
  0.655522858557857E+00 -0.363885252221819E+01
  0.661008373613730E+00 -0.364430993745349E+01
  0.666539792294527E+00 -0.364961040583613E+01
  0.672117498728768E+00 -0.365474115300819E+01
  0.677741880259419E+00 -0.365968890010957E+01
  0.683413327470791E+00 -0.366443985791243E+01
  0.689132234215664E+00 -0.366897972211261E+01
  0.694898997642639E+00 -0.367329366991105E+01
  0.700714018223715E+00 -0.367736635802593E+01
  0.706577699782103E+00 -0.368118192228324E+01
  0.712490449520267E+00 -0.368472397894063E+01
  0.718452678048205E+00 -0.368797562790611E+01
  0.724464799411960E+00 -0.369091945801964E+01
  0.730527231122377E+00 -0.369353755457147E+01
  0.736640394184094E+00 -0.369581150923623E+01
  0.742804713124780E+00 -0.369772243260652E+01
  0.749020616024617E+00 -0.369925096951318E+01
  0.755288534546027E+00 -0.370037731732184E+01
  0.761608903963648E+00 -0.370108124739706E+01
  0.767982163194563E+00 -0.370134212992460E+01
  0.774408754828779E+00 -0.370113896228131E+01
  0.780889125159966E+00 -0.370045040113802E+01
  0.787423724216445E+00 -0.369925479847551E+01
  0.794013005792443E+00 -0.369753024168578E+01
  0.800657427479606E+00 -0.369525459792051E+01
  0.807357450698779E+00 -0.369240556283571E+01
  0.814113540732042E+00 -0.368896071386558E+01
  0.820926166755032E+00 -0.368489756813991E+01
  0.827795801869514E+00 -0.368019364513679E+01
  0.834722923136244E+00 -0.367482653413689E+01
  0.841708011608093E+00 -0.366877396651604E+01
  0.848751552363457E+00 -0.366201389287979E+01
  0.855854034539941E+00 -0.365452456500640E+01
  0.863015951368329E+00 -0.364628462252385E+01
  0.870237800206834E+00 -0.363727318420138E+01
  0.877520082575639E+00 -0.362746994368709E+01
  0.884863304191723E+00 -0.361685526947058E+01
  0.892267975003984E+00 -0.360541030879283E+01
  0.899734609228648E+00 -0.359311709516617E+01
  0.907263725384981E+00 -0.357995865910372E+01
  0.914855846331298E+00 -0.356591914159258E+01
  0.922511499301271E+00 -0.355098390977705E+01
  0.930231215940544E+00 -0.353513967424896E+01
  0.938015532343653E+00 -0.351837460727211E+01
  0.945864989091254E+00 -0.350067846119796E+01
  0.953780131287665E+00 -0.348204268626032E+01
  0.961761508598719E+00 -0.346246054686998E+01
  0.969809675289937E+00 -0.344192723546595E+01
  0.977925190265018E+00 -0.342043998292040E+01
  0.986108617104652E+00 -0.339799816444020E+01
  0.994360524105659E+00 -0.337460339986074E+01
  0.100268148432045E+01 -0.335025964718845E+01
  0.101107207559683E+01 -0.332497328821947E+01
  0.101953288061813E+01 -0.329875320504309E+01
  0.102806448694364E+01 -0.327161084623254E+01
  0.103666748704945E+01 -0.324356028153328E+01
  0.104534247836959E+01 -0.321461824388050E+01
  0.105409006333750E+01 -0.318480415761544E+01
  0.106291084942787E+01 -0.315414015182368E+01
  0.107180544919883E+01 -0.312265105778960E+01
  0.108077448033449E+01 -0.309036438964893E+01
  0.108981856568786E+01 -0.305731030742649E+01
  0.109893833332403E+01 -0.302352156176833E+01
  0.110813441656389E+01 -0.298903341981553E+01
  0.111740745402800E+01 -0.295388357182038E+01
  0.112675808968105E+01 -0.291811201827336E+01
  0.113618697287647E+01 -0.288176093748831E+01
  0.114569475840162E+01 -0.284487453378378E+01
  0.115528210652320E+01 -0.280749886659583E+01
  0.116494968303312E+01 -0.276968166106131E+01
  0.117469815929476E+01 -0.273147210081678E+01
  0.118452821228955E+01 -0.269292060396506E+01
  0.119444052466400E+01 -0.265407858336522E+01
  0.120443578477713E+01 -0.261499819260153E+01
  0.121451468674825E+01 -0.257573205917868E+01
  0.122467793050513E+01 -0.253633300667443E+01
  0.123492622183270E+01 -0.249685376775379E+01
  0.124526027242197E+01 -0.245734669011226E+01
  0.125568079991948E+01 -0.241786343756853E+01
  0.126618852797717E+01 -0.237845468867226E+01
  0.127678418630261E+01 -0.233916983533195E+01
  0.128746851070965E+01 -0.230005668410669E+01
  0.129824224316957E+01 -0.226116116294927E+01
  0.130910613186255E+01 -0.222252703634387E+01
  0.132006093122967E+01 -0.218419563195970E+01
  0.133110740202531E+01 -0.214620558215265E+01
  0.134224631136992E+01 -0.210859258390360E+01
  0.135347843280334E+01 -0.207138918109956E+01
  0.136480454633854E+01 -0.203462457345693E+01
  0.137622543851572E+01 -0.199832445687475E+01
  0.138774190245698E+01 -0.196251090060459E+01
  0.139935473792139E+01 -0.192720226735478E+01
  0.141106475136053E+01 -0.189241318332492E+01
  0.142287275597447E+01 -0.185815456621033E+01
  0.143477957176830E+01 -0.182443372043987E+01
  0.144678602560899E+01 -0.179125451032436E+01
  0.145889295128289E+01 -0.175861762340543E+01
  0.147110118955360E+01 -0.172652093810781E+01
  0.148341158822034E+01 -0.169496001181008E+01
  0.149582500217686E+01 -0.166392870765587E+01
  0.150834229347078E+01 -0.163341997170532E+01
  0.152096433136347E+01 -0.160342654563042E+01
  0.153369199239042E+01 -0.157394119288996E+01
  0.154652616042209E+01 -0.154495671065121E+01
  0.155946772672530E+01 -0.151646593343956E+01
  0.157251759002514E+01 -0.148846173653932E+01
  0.158567665656736E+01 -0.146093703960759E+01
  0.159894584018131E+01 -0.143388481007003E+01
  0.161232606234341E+01 -0.140729806664799E+01
  0.162581825224113E+01 -0.138116988259929E+01
  0.163942334683753E+01 -0.135549339258570E+01
  0.165314229093631E+01 -0.133026178177037E+01
  0.166697603724743E+01 -0.130546831645734E+01
  0.168092554645329E+01 -0.128110631980846E+01
  0.169499178727539E+01 -0.125716918995663E+01
  0.170917573654169E+01 -0.123365039970408E+01
  0.172347837925434E+01 -0.121054349928936E+01
  0.173790070865819E+01 -0.118784211988995E+01
  0.175244372630967E+01 -0.116553998085871E+01
  0.176710844214641E+01 -0.114363087365896E+01
  0.178189587455736E+01 -0.112210870057551E+01
  0.179680705045348E+01 -0.110096744080602E+01
  0.181184300533909E+01 -0.108020117347846E+01
  0.182700478338376E+01 -0.105980407328792E+01
  0.184229343749485E+01 -0.103977041498300E+01
  0.185771002939059E+01 -0.102009457336219E+01
  0.187325562967383E+01 -0.100077102687393E+01
  0.188893131790640E+01 -0.981794357445030E+00
  0.190473818268405E+01 -0.963159253168725E+00
  0.192067732171209E+01 -0.944860508223916E+00
  0.193674984188157E+01 -0.926893024289867E+00
  0.195295685934618E+01 -0.909251810662014E+00
  0.196929949959977E+01 -0.891931984472708E+00
  0.198577889755447E+01 -0.874928770454843E+00
  0.200239619761954E+01 -0.858237500416991E+00
  0.201915255378083E+01 -0.841853612331797E+00
  0.203604912968093E+01 -0.825772649095328E+00
  0.205308709869994E+01 -0.809990256890281E+00
  0.207026764403700E+01 -0.794502183201196E+00
  0.208759195879246E+01 -0.779304274431183E+00
  0.210506124605067E+01 -0.764392473164904E+00
  0.212267671896362E+01 -0.749762815041222E+00
  0.214043960083512E+01 -0.735411425278593E+00
  0.215835112520575E+01 -0.721334514832163E+00
  0.217641253593859E+01 -0.707528376224726E+00
  0.219462508730552E+01 -0.693989379042527E+00
  0.221299004407437E+01 -0.680713965144894E+00
  0.223150868159675E+01 -0.667698643579054E+00
  0.225018228589659E+01 -0.654939985275753E+00
  0.226901215375948E+01 -0.642434617474823E+00
  0.228799959282268E+01 -0.630179218061858E+00
  0.230714592166600E+01 -0.618170509620335E+00
  0.232645246990329E+01 -0.606405253523618E+00
  0.234592057827483E+01 -0.594880243859205E+00
  0.236555159874042E+01 -0.583592301353798E+00
  0.238534689457325E+01 -0.572538267315377E+00
  0.240530784045460E+01 -0.561714997678367E+00
  0.242543582256929E+01 -0.551119357084541E+00
  0.244573223870194E+01 -0.540748213154697E+00
  0.246619849833406E+01 -0.530598430936203E+00
  0.248683602274190E+01 -0.520666867584951E+00
  0.250764624509516E+01 -0.510950367312514E+00
  0.252863061055655E+01 -0.501445756640582E+00
  0.254979057638210E+01 -0.492149839990941E+00
  0.257112761202238E+01 -0.483059395645950E+00
  0.259264319922455E+01 -0.474171172102478E+00
  0.261433883213527E+01 -0.465481884846446E+00
  0.263621601740441E+01 -0.456988213564510E+00
  0.265827627428976E+01 -0.448686799811458E+00
  0.268052113476247E+01 -0.440574245143128E+00
  0.270295214361344E+01 -0.432647109724852E+00
  0.272557085856064E+01 -0.424901911417974E+00
  0.274837885035726E+01 -0.417335125346525E+00
  0.277137770290077E+01 -0.409943183939646E+00
  0.279456901334297E+01 -0.402722477444754E+00
  0.281795439220084E+01 -0.395669354900234E+00
  0.284153546346842E+01 -0.388780125557174E+00
  0.286531386472958E+01 -0.382051060733038E+00
  0.288929124727175E+01 -0.375478396081587E+00
  0.291346927620056E+01 -0.369058334258573E+00
  0.293784963055553E+01 -0.362787047962545E+00
  0.296243400342661E+01 -0.356660683328105E+00
  0.298722410207180E+01 -0.350675363647921E+00
  0.301222164803569E+01 -0.344827193399043E+00
  0.303742837726902E+01 -0.339112262548009E+00
  0.306284604024923E+01 -0.333526651109956E+00
  0.308847640210201E+01 -0.328066433935160E+00
  0.311432124272391E+01 -0.322727685697656E+00
  0.314038235690591E+01 -0.317506486060806E+00
  0.316666155445808E+01 -0.312398924993379E+00
  0.319316066033525E+01 -0.307401108212574E+00
  0.321988151476377E+01 -0.302509162728009E+00
  0.324682597336926E+01 -0.297719242463525E+00
  0.327399590730551E+01 -0.293027533932588E+00
  0.330139320338440E+01 -0.288430261943953E+00
  0.332901976420695E+01 -0.283923695315060E+00
  0.335687750829543E+01 -0.279504152569466E+00
  0.338496837022660E+01 -0.275168007597612E+00
  0.341329430076605E+01 -0.270911695256751E+00
  0.344185726700368E+01 -0.266731716889843E+00
  0.347065925249027E+01 -0.262624645739548E+00
  0.349970225737529E+01 -0.258587132237438E+00
  0.352898829854575E+01 -0.254615909143763E+00
  0.355851940976629E+01 -0.250707796518637E+00
  0.358829764182036E+01 -0.246859706499445E+00
  0.361832506265274E+01 -0.243068647865127E+00
  0.364860375751304E+01 -0.239331730362522E+00
  0.367913582910057E+01 -0.235646168775368E+00
  0.370992339771036E+01 -0.232009286711119E+00
  0.374096860138037E+01 -0.228418520087588E+00
  0.377227359604000E+01 -0.224871420294714E+00
  0.380384055565979E+01 -0.221365657015015E+00
  0.383567167240241E+01 -0.217899020679915E+00
  0.386776915677487E+01 -0.214469424547597E+00
  0.390013523778203E+01 -0.211074906382057E+00
  0.393277216308142E+01 -0.207713629722720E+00
  0.396568219913929E+01 -0.204383884727601E+00
  0.399886763138806E+01 -0.201084088584049E+00
  0.403233076438494E+01 -0.197812785474860E+00
  0.406607392197209E+01 -0.194568646098930E+00
  0.410009944743788E+01 -0.191350466740289E+00
  0.413440970367971E+01 -0.188157167890865E+00
  0.416900707336805E+01 -0.184987792427054E+00
  0.420389395911192E+01 -0.181841503352416E+00
  0.423907278362573E+01 -0.178717581113376E+00
  0.427454598989756E+01 -0.175615420506894E+00
  0.431031604135875E+01 -0.172534527194032E+00
  0.434638542205504E+01 -0.169474513844736E+00
  0.438275663681903E+01 -0.166435095934104E+00
  0.441943221144413E+01 -0.163416087221268E+00
  0.445641469285999E+01 -0.160417394936600E+00
  0.449370664930934E+01 -0.157439014712755E+00
  0.453131067052638E+01 -0.154481025289864E+00
  0.456922936791657E+01 -0.151543583033057E+00
  0.460746537473804E+01 -0.148626916295646E+00
  0.464602134628439E+01 -0.145731319667514E+00
  0.468489996006914E+01 -0.142857148143028E+00
  0.472410391601166E+01 -0.140004811247990E+00
  0.476363593662465E+01 -0.137174767159065E+00
  0.480349876720319E+01 -0.134367516853681E+00
  0.484369517601543E+01 -0.131583598321426E+00
  0.488422795449480E+01 -0.128823580871882E+00
  0.492509991743388E+01 -0.126088059566307E+00
  0.496631390317985E+01 -0.123377649803926E+00
  0.500787277383162E+01 -0.120692982085503E+00
  0.504977941543857E+01 -0.118034696980005E+00
  0.509203673820100E+01 -0.115403440311767E+00
  0.513464767667218E+01 -0.112799858588394E+00
  0.517761518996218E+01 -0.110224594681278E+00
  0.522094226194338E+01 -0.107678283773313E+00
  0.526463190145761E+01 -0.105161549580227E+00
  0.530868714252519E+01 -0.102675000854489E+00
  0.535311104455556E+01 -0.100219228173237E+00
  0.539790669255976E+01 -0.977948010139061E-01
  0.544307719736470E+01 -0.954022651145380E-01
  0.548862569582913E+01 -0.930421401178717E-01
  0.553455535106153E+01 -0.907149174923292E-01
  0.558086935263976E+01 -0.884210587252733E-01
  0.562757091683252E+01 -0.861609937784191E-01
  0.567466328682278E+01 -0.839351197979082E-01
  0.572214973293293E+01 -0.817438000665252E-01
  0.577003355285191E+01 -0.795873631884044E-01
  0.581831807186425E+01 -0.774661024921371E-01
  0.586700664308095E+01 -0.753802756412095E-01
  0.591610264767236E+01 -0.733301044368019E-01
  0.596560949510296E+01 -0.713157748010589E-01
  0.601553062336817E+01 -0.693374369257123E-01
  0.606586949923307E+01 -0.673952055739435E-01
  0.611662961847317E+01 -0.654891605205326E-01
  0.616781450611713E+01 -0.636193471185983E-01
  0.621942771669162E+01 -0.617857769785302E-01
  0.627147283446811E+01 -0.599884287481650E-01
  0.632395347371181E+01 -0.582272489805869E-01
  0.637687327893264E+01 -0.565021530797485E-01
  0.643023592513835E+01 -0.548130263112301E-01
  0.648404511808970E+01 -0.531597248695635E-01
  0.653830459455783E+01 -0.515420769905892E-01
  0.659301812258374E+01 -0.499598841016028E-01
  0.664818950173998E+01 -0.484129219989115E-01
  0.670382256339449E+01 -0.469009420468342E-01
  0.675992117097669E+01 -0.454236723891448E-01
  0.681648922024577E+01 -0.439808191680381E-01
  0.687353063956121E+01 -0.425720677429702E-01
  0.693104939015560E+01 -0.411970839055712E-01
  0.698904946640976E+01 -0.398555150840831E-01
  0.704753489613005E+01 -0.385469915346933E-01
  0.710650974082816E+01 -0.372711275141457E-01
  0.716597809600312E+01 -0.360275224320244E-01
  0.722594409142570E+01 -0.348157619780118E-01
  0.728641189142526E+01 -0.336354192234083E-01
  0.734738569517885E+01 -0.324860556929418E-01
  0.740886973700293E+01 -0.313672224069762E-01
  0.747086828664732E+01 -0.302784608907942E-01
  0.753338564959177E+01 -0.292193041517290E-01
  0.759642616734495E+01 -0.281892776213806E-01
  0.765999421774593E+01 -0.271879000642348E-01
  0.772409421526819E+01 -0.262146844503376E-01
  0.778873061132622E+01 -0.252691387939335E-01
  0.785390789458460E+01 -0.243507669558726E-01
  0.791963059126975E+01 -0.234590694122439E-01
  0.798590326548425E+01 -0.225935439872471E-01
  0.805273051952377E+01 -0.217536865530248E-01
  0.812011699419670E+01 -0.209389916947045E-01
  0.818806736914641E+01 -0.201489533436163E-01
  0.825658636317626E+01 -0.193830653770096E-01
  0.832567873457725E+01 -0.186408221874861E-01
  0.839534928145850E+01 -0.179217192204861E-01
  0.846560284208043E+01 -0.172252534832230E-01
  0.853644429519075E+01 -0.165509240234066E-01
  0.860787856036330E+01 -0.158982323812505E-01
  0.867991059833964E+01 -0.152666830131294E-01
  0.875254541137358E+01 -0.146557836903906E-01
  0.882578804357854E+01 -0.140650458717078E-01
  0.889964358127787E+01 -0.134939850524833E-01
  0.897411715335804E+01 -0.129421210896720E-01
  0.904921393162480E+01 -0.124089785055013E-01
  0.912493913116239E+01 -0.118940867684488E-01
  0.920129801069564E+01 -0.113969805549122E-01
  0.927829587295522E+01 -0.109171999898896E-01
  0.935593806504584E+01 -0.104542908700677E-01
  0.943422997881759E+01 -0.100078048675804E-01
  0.951317705124040E+01 -0.957729971783133E-02
  0.959278476478157E+01 -0.916233938947901E-02
  0.967305864778654E+01 -0.876249424007962E-02
  0.975400427486278E+01 -0.837734115527571E-02
  0.983562726726692E+01 -0.800646367512973E-02
  0.991793329329512E+01 -0.764945210551381E-02
  0.100009280686767E+02 -0.730590361706903E-02
  0.100846173569711E+02 -0.697542233501002E-02
  0.101690069699681E+02 -0.665761939136080E-02
  0.102541027680914E+02 -0.635211309416483E-02
  0.103399106608056E+02 -0.605852874998940E-02
  0.104264366070266E+02 -0.577649890793143E-02
  0.105136866155355E+02 -0.550566337672059E-02
  0.106016667453957E+02 -0.524566921853667E-02
  0.106903831063738E+02 -0.499617073855646E-02
  0.107798418593639E+02 -0.475682946750395E-02
  0.108700492168153E+02 -0.452731419694856E-02
  0.109610114431640E+02 -0.430730097113695E-02
  0.110527348552680E+02 -0.409647307123650E-02
  0.111452258228454E+02 -0.389452099085956E-02
  0.112384907689173E+02 -0.370114240737912E-02
  0.113325361702536E+02 -0.351604214488674E-02
  0.114273685578227E+02 -0.333893213363187E-02
  0.115229945172452E+02 -0.316953136173386E-02
  0.116194206892511E+02 -0.300756582397662E-02
  0.117166537701411E+02 -0.285276846341591E-02
  0.118147005122516E+02 -0.270487911067872E-02
  0.119135677244235E+02 -0.256364441656328E-02
  0.120132622724752E+02 -0.242881778288909E-02
  0.121137910796793E+02 -0.230015928712808E-02
  0.122151611272432E+02 -0.217743560577358E-02
  0.123173794547945E+02 -0.206041993195134E-02
  0.124204531608691E+02 -0.194889189223829E-02
  0.125243894034047E+02 -0.184263745816674E-02
  0.126291954002377E+02 -0.174144885732493E-02
  0.127348784296045E+02 -0.164512447962163E-02
  0.128414458306468E+02 -0.155346878349122E-02
  0.129489050039213E+02 -0.146629219769858E-02
  0.130572634119139E+02 -0.138341102342859E-02
  0.131665285795575E+02 -0.130464733238394E-02
  0.132767080947550E+02 -0.122982886550522E-02
  0.133878096089057E+02 -0.115878892805913E-02
  0.134998408374374E+02 -0.109136628568968E-02
  0.136128095603413E+02 -0.102740505720617E-02
  0.137267236227133E+02 -0.966754608577733E-03
  0.138415909352977E+02 -0.909269444100511E-03
  0.139574194750375E+02 -0.854809098983269E-03
  0.140742172856278E+02 -0.803238029489088E-03
  0.141919924780746E+02 -0.754425504725064E-03
  0.143107532312581E+02 -0.708245496357155E-03
  0.144305077925004E+02 -0.664576570192807E-03
  0.145512644781388E+02 -0.623301776025062E-03
  0.146730316741027E+02 -0.584308539626380E-03
  0.147958178364963E+02 -0.547488553224425E-03
  0.149196314921858E+02 -0.512737668478267E-03
  0.150444812393914E+02 -0.479955788169178E-03
  0.151703757482847E+02 -0.449046760689428E-03
  0.152973237615905E+02 -0.419918273523417E-03
  0.154253340951941E+02 -0.392481749770710E-03
  0.155544156387534E+02 -0.366652244255521E-03
  0.156845773563164E+02 -0.342348341712538E-03
  0.158158282869435E+02 -0.319492058824027E-03
  0.159481775453355E+02 -0.298008732805283E-03
  0.160816343224663E+02 -0.277826977844664E-03
  0.162162078862212E+02 -0.258878418960034E-03
  0.163519075820407E+02 -0.241098259146546E-03
  0.164887428335693E+02 -0.224422631663792E-03
  0.166267231433101E+02 -0.208797297445474E-03
  0.167658580932844E+02 -0.194160616636017E-03
  0.169061573456974E+02 -0.180457998459092E-03
  0.170476306436093E+02 -0.167639690740870E-03
  0.171902878116113E+02 -0.155649735113218E-03
  0.173341387565087E+02 -0.144434326628359E-03
  0.174791934680082E+02 -0.133949429172271E-03
  0.176254620194119E+02 -0.124153114832113E-03
  0.177729545683169E+02 -0.115005485373067E-03
  0.179216813573206E+02 -0.106468597547581E-03
  0.180716527147320E+02 -0.985063879748882E-04
  0.182228790552890E+02 -0.910846016869950E-04
  0.183753708808816E+02 -0.841707203022911E-04
  0.185291387812811E+02 -0.777338939266943E-04
  0.186841934348758E+02 -0.717448726820286E-04
  0.188405456094122E+02 -0.661759420390964E-04
  0.189982061627431E+02 -0.610008577489408E-04
  0.191571860435814E+02 -0.561947846349981E-04
  0.193174962922605E+02 -0.517342349219056E-04
  0.194791480415009E+02 -0.475970105570090E-04
  0.196421525171836E+02 -0.437621448904310E-04
  0.198065210391293E+02 -0.402098485409818E-04
  0.199722650218847E+02 -0.369214544038197E-04
  0.201393959755153E+02 -0.338793669828831E-04
  0.203079255064044E+02 -0.310670107779969E-04
  0.204778653180595E+02 -0.284687829593029E-04
  0.206492272119247E+02 -0.260700050892512E-04
  0.208220230882002E+02 -0.238568790975073E-04
  0.209962649466692E+02 -0.218164422664541E-04
  0.211719648875309E+02 -0.199365263722325E-04
  0.213491351122404E+02 -0.182057158654445E-04
  0.215277879243570E+02 -0.166133101019838E-04
  0.217079357303977E+02 -0.151492845972133E-04
  0.218895910406991E+02 -0.138042562585505E-04
  0.220727664702865E+02 -0.125694475851879E-04
  0.222574747397492E+02 -0.114366547623033E-04
  0.224437286761249E+02 -0.103982147251872E-04
  0.226315412137893E+02 -0.944697596703170E-05
  0.228209253953554E+02 -0.857626831529915E-05
  0.230118943725786E+02 -0.777987635415496E-05
  0.232044614072700E+02 -0.705201177735405E-05
  0.233986398722179E+02 -0.638728925802885E-05
  0.235944432521158E+02 -0.578070123711031E-05
  0.237918851444995E+02 -0.522759613447100E-05
  0.239909792606908E+02 -0.472365540160009E-05
  0.241917394267499E+02 -0.426487393662568E-05
  0.243941795844359E+02 -0.384753925826583E-05
  0.245983137921742E+02 -0.346821398034102E-05
  0.248041562260337E+02 -0.312371696290085E-05
  0.250117211807104E+02 -0.281110770378620E-05
  0.252210230705208E+02 -0.252766932473347E-05
  0.254320764304025E+02 -0.227089473910920E-05
  0.256448959169235E+02 -0.203847133342406E-05
  0.258594963093005E+02 -0.182826877375096E-05
  0.260758925104246E+02 -0.163832524730975E-05
  0.262940995478969E+02 -0.146683677356918E-05
  0.265141325750714E+02 -0.131214487484183E-05
  0.267360068721081E+02 -0.117272726371208E-05
  0.269597378470332E+02 -0.104718681680244E-05
  0.271853410368101E+02 -0.934243515048643E-06
  0.274128321084174E+02 -0.832724600915707E-06
  0.276422268599379E+02 -0.741557654402687E-06
  0.278735412216546E+02 -0.659761820037682E-06
  0.281067912571580E+02 -0.586441907925468E-06
  0.283419931644608E+02 -0.520780583457055E-06
  0.285791632771234E+02 -0.462033389526173E-06
  0.288183180653879E+02 -0.409521798722126E-06
  0.290594741373217E+02 -0.362629059727481E-06
  0.293026482399711E+02 -0.320794018547278E-06
  0.295478572605245E+02 -0.283507699247790E-06
  0.297951182274845E+02 -0.250307807858726E-06
  0.300444483118510E+02 -0.220775964258804E-06
  0.302958648283133E+02 -0.194532809318261E-06
  0.305493852364529E+02 -0.171235811804237E-06
  0.308050271419554E+02 -0.150574905991580E-06
  0.310628082978339E+02 -0.132270803984007E-06
  0.313227466056609E+02 -0.116071097765390E-06
  0.315848601168124E+02 -0.101749013702203E-06
  0.318491670337208E+02 -0.890999191012327E-07
  0.321156857111393E+02 -0.779404621415141E-07
  0.323844346574167E+02 -0.681054289590272E-07
  0.326554325357821E+02 -0.594472177974095E-07
  0.329286981656415E+02 -0.518329984967274E-07
  0.332042505238847E+02 -0.451444751982050E-07
  0.334821087462027E+02 -0.392753053639435E-07
  0.337622921284173E+02 -0.341311103909955E-07
  0.340448201278202E+02 -0.296271163321676E-07
  0.343297123645249E+02 -0.256883765792996E-07
  0.346169886228291E+02 -0.222476007518676E-07
  0.349066688525884E+02 -0.192455581882265E-07
  0.351987731706018E+02 -0.166290656209358E-07
  0.354933218620088E+02 -0.143515440703449E-07
  0.357903353816980E+02 -0.123711398548193E-07
  0.360898343557277E+02 -0.106514109524055E-07
  0.363918395827579E+02 -0.915955940483300E-08
  0.366963720354955E+02 -0.786722653649598E-08
  0.370034528621496E+02 -0.674881764456546E-08
  0.373131033879011E+02 -0.578238850874660E-08
  0.376253451163833E+02 -0.494804610230820E-08
  0.379401997311749E+02 -0.422891122905264E-08
  0.382576890973063E+02 -0.360958149537363E-08
  0.385778352627778E+02 -0.307715712958193E-08
  0.389006604600905E+02 -0.261975461121633E-08
  0.392261871077908E+02 -0.222758481944381E-08
  0.395544378120266E+02 -0.189150740261116E-08
  0.398854353681176E+02 -0.160415223399949E-08
  0.402192027621383E+02 -0.135850619823036E-08
  0.405557631725140E+02 -0.114907039762308E-08
  0.408951399716308E+02 -0.970472593211966E-09
  0.412373567274583E+02 -0.818653666462619E-09
  0.415824372051864E+02 -0.689500180945570E-09
  0.419304053688760E+02 -0.580054900200949E-09
  0.422812853831227E+02 -0.487164724505114E-09
  0.426351016147352E+02 -0.408711060279678E-09
  0.429918786344273E+02  0.826368558817883E-16
  0.433516412185243E+02 -0.808564216916861E-13
  0.437144143506835E+02  0.812709887933098E-16
  0.440802232236295E+02 -0.810467322245512E-13
  0.444490932409030E+02  0.799276975020767E-16
  0.448210500186259E+02 -0.812339161659804E-13
  0.451961193872794E+02  0.786066088629819E-16
  0.455743273934981E+02 -0.814179881061023E-13
  0.459557003018789E+02  0.773073558984640E-16
  0.463402645968048E+02 -0.815990134750793E-13
  0.467280469842842E+02  0.760295776965676E-16
  0.471190743938055E+02 -0.817770490485005E-13
  0.475133739802069E+02  0.747729193106870E-16
  0.479109731255626E+02 -0.819521434545603E-13
  0.483118994410842E+02  0.735370316609678E-16
  0.487161807690381E+02 -0.821243376609412E-13
  0.491238451846789E+02  0.723215714373383E-16
  0.495349209981993E+02 -0.822937004622766E-13
  0.499494367566961E+02  0.711262010041431E-16
  0.503674212461524E+02 -0.824602571514856E-13
  0.507889034934368E+02  0.699505883063532E-16
  0.512139127683192E+02 -0.826240606358962E-13
  0.516424785855034E+02  0.687944067773266E-16
  0.520746307066768E+02 -0.827851557362576E-13
  0.525103991425768E+02  0.676573352480931E-16
  0.529498141550757E+02 -0.829435796726980E-13
  0.533929062592814E+02  0.665390578581387E-16
  0.538397062256570E+02 -0.830993947512134E-13
  0.542902450821576E+02  0.654392639676644E-16
  0.547445541163847E+02 -0.832526386168692E-13
  0.552026648777594E+02  0.643576480712955E-16
  0.556646091797132E+02 -0.834033416621306E-13
  0.561304191018971E+02  0.632939097132170E-16
  0.566001269924095E+02 -0.835515581287094E-13
  0.570737654700428E+02  0.622477534037117E-16
  0.575513674265483E+02 -0.836973187959398E-13
  0.580329660289203E+02  0.612188885370779E-16
  0.585185947217000E+02 -0.838406771925774E-13
  0.590082872292970E+02  0.602070293109035E-16
  0.595020775583326E+02 -0.839816638549828E-13
  0.600000000000000E+02  0.592118946466750E-16
