#     Ultrasoft pseudopotential             : B 
#              by  GGA (PBE)  / scalar relativistic atomic calculation.
#
#     ---- valence electron configuration for constructing pp. ----
#      2S        2P    
#      2.0000    1.0000
#     --------------------
#C 1566 (0.1598945840D+01 )   : R_cut_local-V
#L  0.1200000000D+03          : 1 / logarithmic mesh
#Z  0.3000000000D+01          : core charge         
#  r [ bohr ]        local potential 
  0.346664911165126D-05 -0.200000000001823D+01
  0.349565855906737D-05 -0.200000000001854D+01
  0.352491076195491D-05 -0.200000000001885D+01
  0.355440775172862D-05 -0.200000000001917D+01
  0.358415157680241D-05 -0.200000000001949D+01
  0.361414430273166D-05 -0.200000000001982D+01
  0.364438801235659D-05 -0.200000000002015D+01
  0.367488480594699D-05 -0.200000000002049D+01
  0.370563680134799D-05 -0.200000000002083D+01
  0.373664613412718D-05 -0.200000000002118D+01
  0.376791495772293D-05 -0.200000000002154D+01
  0.379944544359387D-05 -0.200000000002190D+01
  0.383123978136975D-05 -0.200000000002227D+01
  0.386330017900348D-05 -0.200000000002264D+01
  0.389562886292444D-05 -0.200000000002302D+01
  0.392822807819312D-05 -0.200000000002341D+01
  0.396110008865700D-05 -0.200000000002380D+01
  0.399424717710782D-05 -0.200000000002420D+01
  0.402767164544002D-05 -0.200000000002461D+01
  0.406137581481068D-05 -0.200000000002502D+01
  0.409536202580066D-05 -0.200000000002544D+01
  0.412963263857716D-05 -0.200000000002587D+01
  0.416419003305761D-05 -0.200000000002631D+01
  0.419903660907497D-05 -0.200000000002675D+01
  0.423417478654435D-05 -0.200000000002720D+01
  0.426960700563109D-05 -0.200000000002765D+01
  0.430533572692019D-05 -0.200000000002812D+01
  0.434136343158722D-05 -0.200000000002859D+01
  0.437769262157059D-05 -0.200000000002907D+01
  0.441432581974531D-05 -0.200000000002956D+01
  0.445126557009820D-05 -0.200000000003006D+01
  0.448851443790455D-05 -0.200000000003056D+01
  0.452607500990626D-05 -0.200000000003108D+01
  0.456394989449148D-05 -0.200000000003160D+01
  0.460214172187574D-05 -0.200000000003213D+01
  0.464065314428464D-05 -0.200000000003267D+01
  0.467948683613798D-05 -0.200000000003322D+01
  0.471864549423553D-05 -0.200000000003378D+01
  0.475813183794428D-05 -0.200000000003434D+01
  0.479794860938730D-05 -0.200000000003492D+01
  0.483809857363416D-05 -0.200000000003551D+01
  0.487858451889296D-05 -0.200000000003611D+01
  0.491940925670395D-05 -0.200000000003671D+01
  0.496057562213477D-05 -0.200000000003733D+01
  0.500208647397735D-05 -0.200000000003796D+01
  0.504394469494640D-05 -0.200000000003859D+01
  0.508615319187966D-05 -0.200000000003924D+01
  0.512871489593970D-05 -0.200000000003990D+01
  0.517163276281753D-05 -0.200000000004057D+01
  0.521490977293780D-05 -0.200000000004126D+01
  0.525854893166585D-05 -0.200000000004195D+01
  0.530255326951634D-05 -0.200000000004265D+01
  0.534692584236375D-05 -0.200000000004337D+01
  0.539166973165458D-05 -0.200000000004410D+01
  0.543678804462135D-05 -0.200000000004484D+01
  0.548228391449837D-05 -0.200000000004559D+01
  0.552816050073933D-05 -0.200000000004636D+01
  0.557442098923671D-05 -0.200000000004714D+01
  0.562106859254303D-05 -0.200000000004793D+01
  0.566810655009393D-05 -0.200000000004874D+01
  0.571553812843314D-05 -0.200000000004956D+01
  0.576336662143934D-05 -0.200000000005039D+01
  0.581159535055486D-05 -0.200000000005124D+01
  0.586022766501640D-05 -0.200000000005210D+01
  0.590926694208755D-05 -0.200000000005297D+01
  0.595871658729337D-05 -0.200000000005386D+01
  0.600858003465688D-05 -0.200000000005477D+01
  0.605886074693752D-05 -0.200000000005569D+01
  0.610956221587162D-05 -0.200000000005662D+01
  0.616068796241490D-05 -0.200000000005758D+01
  0.621224153698697D-05 -0.200000000005854D+01
  0.626422651971790D-05 -0.200000000005953D+01
  0.631664652069683D-05 -0.200000000006053D+01
  0.636950518022266D-05 -0.200000000006155D+01
  0.642280616905689D-05 -0.200000000006258D+01
  0.647655318867849D-05 -0.200000000006363D+01
  0.653074997154097D-05 -0.200000000006470D+01
  0.658540028133161D-05 -0.200000000006579D+01
  0.664050791323276D-05 -0.200000000006689D+01
  0.669607669418544D-05 -0.200000000006802D+01
  0.675211048315513D-05 -0.200000000006916D+01
  0.680861317139967D-05 -0.200000000007032D+01
  0.686558868273957D-05 -0.200000000007151D+01
  0.692304097383046D-05 -0.200000000007271D+01
  0.698097403443787D-05 -0.200000000007393D+01
  0.703939188771428D-05 -0.200000000007517D+01
  0.709829859047854D-05 -0.200000000007644D+01
  0.715769823349757D-05 -0.200000000007772D+01
  0.721759494177045D-05 -0.200000000007903D+01
  0.727799287481489D-05 -0.200000000008035D+01
  0.733889622695605D-05 -0.200000000008170D+01
  0.740030922761788D-05 -0.200000000008308D+01
  0.746223614161676D-05 -0.200000000008447D+01
  0.752468126945772D-05 -0.200000000008589D+01
  0.758764894763307D-05 -0.200000000008734D+01
  0.765114354892354D-05 -0.200000000008881D+01
  0.771516948270196D-05 -0.200000000009030D+01
  0.777973119523946D-05 -0.200000000009182D+01
  0.784483317001424D-05 -0.200000000009336D+01
  0.791047992802295D-05 -0.200000000009493D+01
  0.797667602809460D-05 -0.200000000009652D+01
  0.804342606720719D-05 -0.200000000009815D+01
  0.811073468080693D-05 -0.200000000009979D+01
  0.817860654313014D-05 -0.200000000010147D+01
  0.824704636752788D-05 -0.200000000010318D+01
  0.831605890679322D-05 -0.200000000010491D+01
  0.838564895349136D-05 -0.200000000010667D+01
  0.845582134029240D-05 -0.200000000010847D+01
  0.852658094030694D-05 -0.200000000011029D+01
  0.859793266742455D-05 -0.200000000011214D+01
  0.866988147665494D-05 -0.200000000011403D+01
  0.874243236447211D-05 -0.200000000011595D+01
  0.881559036916133D-05 -0.200000000011789D+01
  0.888936057116897D-05 -0.200000000011987D+01
  0.896374809345539D-05 -0.200000000012189D+01
  0.903875810185064D-05 -0.200000000012394D+01
  0.911439580541322D-05 -0.200000000012602D+01
  0.919066645679184D-05 -0.200000000012814D+01
  0.926757535259015D-05 -0.200000000013029D+01
  0.934512783373461D-05 -0.200000000013248D+01
  0.942332928584535D-05 -0.200000000013471D+01
  0.950218513961020D-05 -0.200000000013697D+01
  0.958170087116180D-05 -0.200000000013927D+01
  0.966188200245791D-05 -0.200000000014162D+01
  0.974273410166487D-05 -0.200000000014400D+01
  0.982426278354428D-05 -0.200000000014642D+01
  0.990647370984294D-05 -0.200000000014888D+01
  0.998937258968598D-05 -0.200000000015138D+01
  0.100729651799734D-04 -0.200000000015392D+01
  0.101572572857797D-04 -0.200000000015651D+01
  0.102422547607573D-04 -0.200000000015914D+01
  0.103279635075428D-04 -0.200000000016181D+01
  0.104143894781668D-04 -0.200000000016453D+01
  0.105015386744678D-04 -0.200000000016730D+01
  0.105894171485081D-04 -0.200000000017011D+01
  0.106780310029950D-04 -0.200000000017297D+01
  0.107673863917039D-04 -0.200000000017588D+01
  0.108574895199061D-04 -0.200000000017883D+01
  0.109483466447994D-04 -0.200000000018184D+01
  0.110399640759430D-04 -0.200000000018489D+01
  0.111323481756952D-04 -0.200000000018800D+01
  0.112255053596557D-04 -0.200000000019116D+01
  0.113194420971108D-04 -0.200000000019437D+01
  0.114141649114828D-04 -0.200000000019764D+01
  0.115096803807830D-04 -0.200000000020096D+01
  0.116059951380685D-04 -0.200000000020434D+01
  0.117031158719027D-04 -0.200000000020777D+01
  0.118010493268202D-04 -0.200000000021127D+01
  0.118998023037946D-04 -0.200000000021482D+01
  0.119993816607113D-04 -0.200000000021843D+01
  0.120997943128434D-04 -0.200000000022210D+01
  0.122010472333321D-04 -0.200000000022583D+01
  0.123031474536708D-04 -0.200000000022963D+01
  0.124061020641938D-04 -0.200000000023348D+01
  0.125099182145681D-04 -0.200000000023741D+01
  0.126146031142903D-04 -0.200000000024140D+01
  0.127201640331872D-04 -0.200000000024546D+01
  0.128266083019206D-04 -0.200000000024958D+01
  0.129339433124964D-04 -0.200000000025378D+01
  0.130421765187779D-04 -0.200000000025804D+01
  0.131513154370034D-04 -0.200000000026238D+01
  0.132613676463084D-04 -0.200000000026679D+01
  0.133723407892516D-04 -0.200000000027127D+01
  0.134842425723459D-04 -0.200000000027583D+01
  0.135970807665935D-04 -0.200000000028046D+01
  0.137108632080253D-04 -0.200000000028518D+01
  0.138255977982455D-04 -0.200000000028997D+01
  0.139412925049802D-04 -0.200000000029485D+01
  0.140579553626304D-04 -0.200000000029980D+01
  0.141755944728304D-04 -0.200000000030484D+01
  0.142942180050101D-04 -0.200000000030996D+01
  0.144138341969624D-04 -0.200000000031517D+01
  0.145344513554155D-04 -0.200000000032047D+01
  0.146560778566094D-04 -0.200000000032585D+01
  0.147787221468777D-04 -0.200000000033133D+01
  0.149023927432343D-04 -0.200000000033690D+01
  0.150270982339648D-04 -0.200000000034256D+01
  0.151528472792229D-04 -0.200000000034832D+01
  0.152796486116316D-04 -0.200000000035417D+01
  0.154075110368901D-04 -0.200000000036012D+01
  0.155364434343847D-04 -0.200000000036618D+01
  0.156664547578060D-04 -0.200000000037233D+01
  0.157975540357704D-04 -0.200000000037859D+01
  0.159297503724471D-04 -0.200000000038495D+01
  0.160630529481904D-04 -0.200000000039142D+01
  0.161974710201771D-04 -0.200000000039800D+01
  0.163330139230497D-04 -0.200000000040469D+01
  0.164696910695641D-04 -0.200000000041149D+01
  0.166075119512439D-04 -0.200000000041840D+01
  0.167464861390389D-04 -0.200000000042544D+01
  0.168866232839903D-04 -0.200000000043259D+01
  0.170279331179005D-04 -0.200000000043986D+01
  0.171704254540093D-04 -0.200000000044725D+01
  0.173141101876751D-04 -0.200000000045477D+01
  0.174589972970621D-04 -0.200000000046241D+01
  0.176050968438333D-04 -0.200000000047018D+01
  0.177524189738493D-04 -0.200000000047808D+01
  0.179009739178729D-04 -0.200000000048612D+01
  0.180507719922792D-04 -0.200000000049429D+01
  0.182018235997725D-04 -0.200000000050259D+01
  0.183541392301085D-04 -0.200000000051104D+01
  0.185077294608227D-04 -0.200000000051963D+01
  0.186626049579651D-04 -0.200000000052836D+01
  0.188187764768408D-04 -0.200000000053724D+01
  0.189762548627569D-04 -0.200000000054627D+01
  0.191350510517758D-04 -0.200000000055545D+01
  0.192951760714743D-04 -0.200000000056479D+01
  0.194566410417099D-04 -0.200000000057428D+01
  0.196194571753926D-04 -0.200000000058393D+01
  0.197836357792638D-04 -0.200000000059375D+01
  0.199491882546814D-04 -0.200000000060372D+01
  0.201161260984115D-04 -0.200000000061387D+01
  0.202844609034272D-04 -0.200000000062419D+01
  0.204542043597131D-04 -0.200000000063468D+01
  0.206253682550774D-04 -0.200000000064534D+01
  0.207979644759706D-04 -0.200000000065619D+01
  0.209720050083106D-04 -0.200000000066722D+01
  0.211475019383155D-04 -0.200000000067843D+01
  0.213244674533426D-04 -0.200000000068983D+01
  0.215029138427349D-04 -0.200000000070143D+01
  0.216828534986745D-04 -0.200000000071322D+01
  0.218642989170432D-04 -0.200000000072520D+01
  0.220472626982901D-04 -0.200000000073739D+01
  0.222317575483070D-04 -0.200000000074978D+01
  0.224177962793103D-04 -0.200000000076238D+01
  0.226053918107311D-04 -0.200000000077520D+01
  0.227945571701123D-04 -0.200000000078822D+01
  0.229853054940131D-04 -0.200000000080147D+01
  0.231776500289217D-04 -0.200000000081494D+01
  0.233716041321746D-04 -0.200000000082864D+01
  0.235671812728849D-04 -0.200000000084256D+01
  0.237643950328769D-04 -0.200000000085672D+01
  0.239632591076299D-04 -0.200000000087112D+01
  0.241637873072290D-04 -0.200000000088576D+01
  0.243659935573243D-04 -0.200000000090065D+01
  0.245698919000977D-04 -0.200000000091579D+01
  0.247754964952382D-04 -0.200000000093118D+01
  0.249828216209254D-04 -0.200000000094683D+01
  0.251918816748208D-04 -0.200000000096274D+01
  0.254026911750677D-04 -0.200000000097892D+01
  0.256152647612995D-04 -0.200000000099537D+01
  0.258296171956561D-04 -0.200000000101210D+01
  0.260457633638094D-04 -0.200000000102911D+01
  0.262637182759969D-04 -0.200000000104641D+01
  0.264834970680640D-04 -0.200000000106399D+01
  0.267051150025150D-04 -0.200000000108187D+01
  0.269285874695734D-04 -0.200000000110006D+01
  0.271539299882504D-04 -0.200000000111854D+01
  0.273811582074224D-04 -0.200000000113734D+01
  0.276102879069183D-04 -0.200000000115646D+01
  0.278413349986148D-04 -0.200000000117589D+01
  0.280743155275417D-04 -0.200000000119566D+01
  0.283092456729961D-04 -0.200000000121575D+01
  0.285461417496658D-04 -0.200000000123618D+01
  0.287850202087623D-04 -0.200000000125696D+01
  0.290258976391637D-04 -0.200000000127808D+01
  0.292687907685660D-04 -0.200000000129956D+01
  0.295137164646453D-04 -0.200000000132140D+01
  0.297606917362288D-04 -0.200000000134361D+01
  0.300097337344765D-04 -0.200000000136619D+01
  0.302608597540716D-04 -0.200000000138915D+01
  0.305140872344219D-04 -0.200000000141250D+01
  0.307694337608708D-04 -0.200000000143624D+01
  0.310269170659187D-04 -0.200000000146038D+01
  0.312865550304542D-04 -0.200000000148492D+01
  0.315483656849957D-04 -0.200000000150988D+01
  0.318123672109439D-04 -0.200000000153525D+01
  0.320785779418443D-04 -0.200000000156105D+01
  0.323470163646601D-04 -0.200000000158729D+01
  0.326177011210564D-04 -0.200000000161397D+01
  0.328906510086944D-04 -0.200000000164109D+01
  0.331658849825372D-04 -0.200000000166867D+01
  0.334434221561657D-04 -0.200000000169672D+01
  0.337232818031064D-04 -0.200000000172523D+01
  0.340054833581694D-04 -0.200000000175423D+01
  0.342900464187984D-04 -0.200000000178371D+01
  0.345769907464313D-04 -0.200000000181369D+01
  0.348663362678730D-04 -0.200000000184417D+01
  0.351581030766786D-04 -0.200000000187516D+01
  0.354523114345493D-04 -0.200000000190668D+01
  0.357489817727395D-04 -0.200000000193872D+01
  0.360481346934750D-04 -0.200000000197130D+01
  0.363497909713845D-04 -0.200000000200443D+01
  0.366539715549420D-04 -0.200000000203812D+01
  0.369606975679211D-04 -0.200000000207237D+01
  0.372699903108629D-04 -0.200000000210720D+01
  0.375818712625543D-04 -0.200000000214262D+01
  0.378963620815200D-04 -0.200000000217863D+01
  0.382134846075267D-04 -0.200000000221524D+01
  0.385332608630994D-04 -0.200000000225247D+01
  0.388557130550511D-04 -0.200000000229033D+01
  0.391808635760247D-04 -0.200000000232882D+01
  0.395087350060481D-04 -0.200000000236796D+01
  0.398393501141024D-04 -0.200000000240775D+01
  0.401727318597029D-04 -0.200000000244822D+01
  0.405089033944939D-04 -0.200000000248937D+01
  0.408478880638558D-04 -0.200000000253120D+01
  0.411897094085269D-04 -0.200000000257374D+01
  0.415343911662379D-04 -0.200000000261700D+01
  0.418819572733607D-04 -0.200000000266098D+01
  0.422324318665699D-04 -0.200000000270570D+01
  0.425858392845200D-04 -0.200000000275117D+01
  0.429422040695348D-04 -0.200000000279741D+01
  0.433015509693119D-04 -0.200000000284443D+01
  0.436639049386416D-04 -0.200000000289223D+01
  0.440292911411397D-04 -0.200000000294084D+01
  0.443977349509947D-04 -0.200000000299026D+01
  0.447692619547306D-04 -0.200000000304052D+01
  0.451438979529828D-04 -0.200000000309162D+01
  0.455216689622908D-04 -0.200000000314358D+01
  0.459026012169043D-04 -0.200000000319641D+01
  0.462867211706051D-04 -0.200000000325013D+01
  0.466740554985444D-04 -0.200000000330475D+01
  0.470646310990950D-04 -0.200000000336029D+01
  0.474584750957196D-04 -0.200000000341677D+01
  0.478556148388539D-04 -0.200000000347419D+01
  0.482560779078064D-04 -0.200000000353258D+01
  0.486598921126733D-04 -0.200000000359195D+01
  0.490670854962701D-04 -0.200000000365231D+01
  0.494776863360787D-04 -0.200000000371370D+01
  0.498917231462114D-04 -0.200000000377611D+01
  0.503092246793907D-04 -0.200000000383957D+01
  0.507302199289465D-04 -0.200000000390410D+01
  0.511547381308291D-04 -0.200000000396972D+01
  0.515828087656400D-04 -0.200000000403643D+01
  0.520144615606785D-04 -0.200000000410427D+01
  0.524497264920067D-04 -0.200000000417325D+01
  0.528886337865308D-04 -0.200000000424338D+01
  0.533312139241004D-04 -0.200000000431470D+01
  0.537774976396252D-04 -0.200000000438721D+01
  0.542275159252092D-04 -0.200000000446095D+01
  0.546813000323031D-04 -0.200000000453592D+01
  0.551388814738745D-04 -0.200000000461215D+01
  0.556002920265962D-04 -0.200000000468967D+01
  0.560655637330533D-04 -0.200000000476848D+01
  0.565347289039678D-04 -0.200000000484862D+01
  0.570078201204430D-04 -0.200000000493011D+01
  0.574848702362256D-04 -0.200000000501297D+01
  0.579659123799877D-04 -0.200000000509722D+01
  0.584509799576269D-04 -0.200000000518288D+01
  0.589401066545868D-04 -0.200000000526999D+01
  0.594333264381955D-04 -0.200000000535856D+01
  0.599306735600252D-04 -0.200000000544861D+01
  0.604321825582704D-04 -0.200000000554019D+01
  0.609378882601462D-04 -0.200000000563330D+01
  0.614478257843075D-04 -0.200000000572797D+01
  0.619620305432872D-04 -0.200000000582424D+01
  0.624805382459560D-04 -0.200000000592212D+01
  0.630033849000013D-04 -0.200000000602165D+01
  0.635306068144289D-04 -0.200000000612285D+01
  0.640622406020835D-04 -0.200000000622575D+01
  0.645983231821919D-04 -0.200000000633039D+01
  0.651388917829263D-04 -0.200000000643678D+01
  0.656839839439903D-04 -0.200000000654496D+01
  0.662336375192251D-04 -0.200000000665495D+01
  0.667878906792388D-04 -0.200000000676680D+01
  0.673467819140570D-04 -0.200000000688052D+01
  0.679103500357956D-04 -0.200000000699616D+01
  0.684786341813561D-04 -0.200000000711374D+01
  0.690516738151438D-04 -0.200000000723329D+01
  0.696295087318079D-04 -0.200000000735486D+01
  0.702121790590054D-04 -0.200000000747847D+01
  0.707997252601877D-04 -0.200000000760415D+01
  0.713921881374104D-04 -0.200000000773195D+01
  0.719896088341670D-04 -0.200000000786190D+01
  0.725920288382458D-04 -0.200000000799403D+01
  0.731994899846117D-04 -0.200000000812838D+01
  0.738120344583104D-04 -0.200000000826499D+01
  0.744297047973988D-04 -0.200000000840389D+01
  0.750525438958988D-04 -0.200000000854513D+01
  0.756805950067758D-04 -0.200000000868874D+01
  0.763139017449427D-04 -0.200000000883477D+01
  0.769525080902885D-04 -0.200000000898325D+01
  0.775964583907328D-04 -0.200000000913422D+01
  0.782457973653053D-04 -0.200000000928773D+01
  0.789005701072513D-04 -0.200000000944383D+01
  0.795608220871631D-04 -0.200000000960254D+01
  0.802265991561381D-04 -0.200000000976393D+01
  0.808979475489625D-04 -0.200000000992802D+01
  0.815749138873223D-04 -0.200000001009488D+01
  0.822575451830408D-04 -0.200000001026453D+01
  0.829458888413434D-04 -0.200000001043704D+01
  0.836399926641497D-04 -0.200000001061245D+01
  0.843399048533931D-04 -0.200000001079081D+01
  0.850456740143679D-04 -0.200000001097216D+01
  0.857573491591051D-04 -0.200000001115656D+01
  0.864749797097756D-04 -0.200000001134406D+01
  0.871986155021229D-04 -0.200000001153472D+01
  0.879283067889233D-04 -0.200000001172857D+01
  0.886641042434761D-04 -0.200000001192569D+01
  0.894060589631225D-04 -0.200000001212611D+01
  0.901542224727939D-04 -0.200000001232991D+01
  0.909086467285903D-04 -0.200000001253713D+01
  0.916693841213881D-04 -0.200000001274783D+01
  0.924364874804788D-04 -0.200000001296208D+01
  0.932100100772372D-04 -0.200000001317992D+01
  0.939900056288212D-04 -0.200000001340143D+01
  0.947765283019020D-04 -0.200000001362666D+01
  0.955696327164257D-04 -0.200000001385567D+01
  0.963693739494066D-04 -0.200000001408853D+01
  0.971758075387516D-04 -0.200000001432531D+01
  0.979889894871175D-04 -0.200000001456607D+01
  0.988089762657996D-04 -0.200000001481087D+01
  0.996358248186538D-04 -0.200000001505978D+01
  0.100469592566051D-03 -0.200000001531288D+01
  0.101310337408864D-03 -0.200000001557024D+01
  0.102158117732489D-03 -0.200000001583192D+01
  0.103012992410901D-03 -0.200000001609799D+01
  0.103875020810740D-03 -0.200000001636854D+01
  0.104744262795436D-03 -0.200000001664364D+01
  0.105620778729365D-03 -0.200000001692335D+01
  0.106504629482041D-03 -0.200000001720777D+01
  0.107395876432345D-03 -0.200000001749697D+01
  0.108294581472783D-03 -0.200000001779103D+01
  0.109200807013789D-03 -0.200000001809004D+01
  0.110114615988056D-03 -0.200000001839406D+01
  0.111036071854909D-03 -0.200000001870320D+01
  0.111965238604708D-03 -0.200000001901753D+01
  0.112902180763295D-03 -0.200000001933715D+01
  0.113846963396475D-03 -0.200000001966213D+01
  0.114799652114532D-03 -0.200000001999258D+01
  0.115760313076789D-03 -0.200000002032858D+01
  0.116729012996197D-03 -0.200000002067023D+01
  0.117705819143974D-03 -0.200000002101762D+01
  0.118690799354273D-03 -0.200000002137085D+01
  0.119684022028893D-03 -0.200000002173002D+01
  0.120685556142030D-03 -0.200000002209522D+01
  0.121695471245067D-03 -0.200000002246656D+01
  0.122713837471403D-03 -0.200000002284414D+01
  0.123740725541324D-03 -0.200000002322807D+01
  0.124776206766913D-03 -0.200000002361844D+01
  0.125820353057007D-03 -0.200000002401538D+01
  0.126873236922183D-03 -0.200000002441899D+01
  0.127934931479799D-03 -0.200000002482939D+01
  0.129005510459071D-03 -0.200000002524668D+01
  0.130085048206192D-03 -0.200000002567098D+01
  0.131173619689495D-03 -0.200000002610242D+01
  0.132271300504658D-03 -0.200000002654110D+01
  0.133378166879958D-03 -0.200000002698716D+01
  0.134494295681560D-03 -0.200000002744072D+01
  0.135619764418856D-03 -0.200000002790189D+01
  0.136754651249852D-03 -0.200000002837082D+01
  0.137899034986587D-03 -0.200000002884763D+01
  0.139052995100614D-03 -0.200000002933246D+01
  0.140216611728518D-03 -0.200000002982543D+01
  0.141389965677475D-03 -0.200000003032668D+01
  0.142573138430869D-03 -0.200000003083636D+01
  0.143766212153952D-03 -0.200000003135461D+01
  0.144969269699545D-03 -0.200000003188156D+01
  0.146182394613793D-03 -0.200000003241738D+01
  0.147405671141970D-03 -0.200000003296219D+01
  0.148639184234327D-03 -0.200000003351617D+01
  0.149883019551991D-03 -0.200000003407945D+01
  0.151137263472913D-03 -0.200000003465220D+01
  0.152402003097872D-03 -0.200000003523458D+01
  0.153677326256515D-03 -0.200000003582674D+01
  0.154963321513463D-03 -0.200000003642886D+01
  0.156260078174459D-03 -0.200000003704109D+01
  0.157567686292570D-03 -0.200000003766362D+01
  0.158886236674442D-03 -0.200000003829661D+01
  0.160215820886602D-03 -0.200000003894023D+01
  0.161556531261822D-03 -0.200000003959467D+01
  0.162908460905528D-03 -0.200000004026011D+01
  0.164271703702267D-03 -0.200000004093674D+01
  0.165646354322224D-03 -0.200000004162474D+01
  0.167032508227801D-03 -0.200000004232429D+01
  0.168430261680243D-03 -0.200000004303561D+01
  0.169839711746323D-03 -0.200000004375888D+01
  0.171260956305085D-03 -0.200000004449431D+01
  0.172694094054639D-03 -0.200000004524209D+01
  0.174139224519016D-03 -0.200000004600245D+01
  0.175596448055078D-03 -0.200000004677558D+01
  0.177065865859489D-03 -0.200000004756171D+01
  0.178547579975745D-03 -0.200000004836104D+01
  0.180041693301253D-03 -0.200000004917381D+01
  0.181548309594485D-03 -0.200000005000025D+01
  0.183067533482176D-03 -0.200000005084057D+01
  0.184599470466597D-03 -0.200000005169501D+01
  0.186144226932876D-03 -0.200000005256381D+01
  0.187701910156387D-03 -0.200000005344722D+01
  0.189272628310205D-03 -0.200000005434547D+01
  0.190856490472608D-03 -0.200000005525882D+01
  0.192453606634662D-03 -0.200000005618752D+01
  0.194064087707853D-03 -0.200000005713182D+01
  0.195688045531792D-03 -0.200000005809200D+01
  0.197325592881979D-03 -0.200000005906831D+01
  0.198976843477641D-03 -0.200000006006103D+01
  0.200641911989619D-03 -0.200000006107044D+01
  0.202320914048341D-03 -0.200000006209681D+01
  0.204013966251847D-03 -0.200000006314043D+01
  0.205721186173888D-03 -0.200000006420159D+01
  0.207442692372087D-03 -0.200000006528058D+01
  0.209178604396180D-03 -0.200000006637771D+01
  0.210929042796308D-03 -0.200000006749327D+01
  0.212694129131399D-03 -0.200000006862759D+01
  0.214473985977601D-03 -0.200000006978097D+01
  0.216268736936799D-03 -0.200000007095373D+01
  0.218078506645199D-03 -0.200000007214620D+01
  0.219903420781978D-03 -0.200000007335871D+01
  0.221743606078020D-03 -0.200000007459160D+01
  0.223599190324709D-03 -0.200000007584521D+01
  0.225470302382808D-03 -0.200000007711989D+01
  0.227357072191407D-03 -0.200000007841600D+01
  0.229259630776944D-03 -0.200000007973388D+01
  0.231178110262309D-03 -0.200000008107392D+01
  0.233112643876014D-03 -0.200000008243647D+01
  0.235063365961449D-03 -0.200000008382192D+01
  0.237030411986209D-03 -0.200000008523066D+01
  0.239013918551503D-03 -0.200000008666308D+01
  0.241014023401641D-03 -0.200000008811957D+01
  0.243030865433595D-03 -0.200000008960053D+01
  0.245064584706651D-03 -0.200000009110639D+01
  0.247115322452131D-03 -0.200000009263755D+01
  0.249183221083202D-03 -0.200000009419445D+01
  0.251268424204769D-03 -0.200000009577751D+01
  0.253371076623439D-03 -0.200000009738718D+01
  0.255491324357589D-03 -0.200000009902390D+01
  0.257629314647496D-03 -0.200000010068813D+01
  0.259785195965566D-03 -0.200000010238033D+01
  0.261959118026647D-03 -0.200000010410097D+01
  0.264151231798423D-03 -0.200000010585052D+01
  0.266361689511897D-03 -0.200000010762948D+01
  0.268590644671965D-03 -0.200000010943834D+01
  0.270838252068076D-03 -0.200000011127760D+01
  0.273104667784981D-03 -0.200000011314776D+01
  0.275390049213570D-03 -0.200000011504936D+01
  0.277694555061806D-03 -0.200000011698292D+01
  0.280018345365742D-03 -0.200000011894897D+01
  0.282361581500640D-03 -0.200000012094807D+01
  0.284724426192173D-03 -0.200000012298076D+01
  0.287107043527727D-03 -0.200000012504762D+01
  0.289509598967797D-03 -0.200000012714921D+01
  0.291932259357477D-03 -0.200000012928612D+01
  0.294375192938044D-03 -0.200000013145895D+01
  0.296838569358646D-03 -0.200000013366829D+01
  0.299322559688080D-03 -0.200000013591476D+01
  0.301827336426672D-03 -0.200000013819899D+01
  0.304353073518259D-03 -0.200000014052161D+01
  0.306899946362264D-03 -0.200000014288326D+01
  0.309468131825881D-03 -0.200000014528460D+01
  0.312057808256354D-03 -0.200000014772631D+01
  0.314669155493366D-03 -0.200000015020904D+01
  0.317302354881523D-03 -0.200000015273351D+01
  0.319957589282953D-03 -0.200000015530040D+01
  0.322635043090001D-03 -0.200000015791043D+01
  0.325334902238034D-03 -0.200000016056432D+01
  0.328057354218357D-03 -0.200000016326282D+01
  0.330802588091228D-03 -0.200000016600667D+01
  0.333570794498993D-03 -0.200000016879663D+01
  0.336362165679320D-03 -0.200000017163348D+01
  0.339176895478551D-03 -0.200000017451801D+01
  0.342015179365165D-03 -0.200000017745102D+01
  0.344877214443350D-03 -0.200000018043332D+01
  0.347763199466692D-03 -0.200000018346574D+01
  0.350673334851978D-03 -0.200000018654913D+01
  0.353607822693112D-03 -0.200000018968433D+01
  0.356566866775152D-03 -0.200000019287223D+01
  0.359550672588459D-03 -0.200000019611371D+01
  0.362559447342969D-03 -0.200000019940966D+01
  0.365593399982583D-03 -0.200000020276100D+01
  0.368652741199676D-03 -0.200000020616867D+01
  0.371737683449727D-03 -0.200000020963361D+01
  0.374848440966078D-03 -0.200000021315678D+01
  0.377985229774807D-03 -0.200000021673916D+01
  0.381148267709729D-03 -0.200000022038175D+01
  0.384337774427529D-03 -0.200000022408556D+01
  0.387553971423010D-03 -0.200000022785162D+01
  0.390797082044478D-03 -0.200000023168097D+01
  0.394067331509252D-03 -0.200000023557468D+01
  0.397364946919304D-03 -0.200000023953382D+01
  0.400690157277029D-03 -0.200000024355951D+01
  0.404043193501149D-03 -0.200000024765285D+01
  0.407424288442750D-03 -0.200000025181498D+01
  0.410833676901449D-03 -0.200000025604707D+01
  0.414271595641706D-03 -0.200000026035028D+01
  0.417738283409258D-03 -0.200000026472581D+01
  0.421233980947704D-03 -0.200000026917488D+01
  0.424758931015223D-03 -0.200000027369873D+01
  0.428313378401431D-03 -0.200000027829860D+01
  0.431897569944380D-03 -0.200000028297578D+01
  0.435511754547701D-03 -0.200000028773156D+01
  0.439156183197889D-03 -0.200000029256727D+01
  0.442831108981730D-03 -0.200000029748426D+01
  0.446536787103882D-03 -0.200000030248387D+01
  0.450273474904591D-03 -0.200000030756752D+01
  0.454041431877569D-03 -0.200000031273660D+01
  0.457840919688008D-03 -0.200000031799255D+01
  0.461672202190755D-03 -0.200000032333684D+01
  0.465535545448634D-03 -0.200000032877095D+01
  0.469431217750925D-03 -0.200000033429638D+01
  0.473359489631992D-03 -0.200000033991468D+01
  0.477320633890072D-03 -0.200000034562740D+01
  0.481314925606219D-03 -0.200000035143613D+01
  0.485342642163408D-03 -0.200000035734248D+01
  0.489404063265796D-03 -0.200000036334809D+01
  0.493499470958147D-03 -0.200000036945464D+01
  0.497629149645420D-03 -0.200000037566382D+01
  0.501793386112515D-03 -0.200000038197735D+01
  0.505992469544195D-03 -0.200000038839699D+01
  0.510226691545163D-03 -0.200000039492452D+01
  0.514496346160315D-03 -0.200000040156175D+01
  0.518801729895159D-03 -0.200000040831053D+01
  0.523143141736409D-03 -0.200000041517273D+01
  0.527520883172741D-03 -0.200000042215026D+01
  0.531935258215738D-03 -0.200000042924506D+01
  0.536386573420994D-03 -0.200000043645909D+01
  0.540875137909412D-03 -0.200000044379437D+01
  0.545401263388662D-03 -0.200000045125292D+01
  0.549965264174832D-03 -0.200000045883683D+01
  0.554567457214256D-03 -0.200000046654819D+01
  0.559208162105522D-03 -0.200000047438916D+01
  0.563887701121668D-03 -0.200000048236190D+01
  0.568606399232561D-03 -0.200000049046863D+01
  0.573364584127468D-03 -0.200000049871161D+01
  0.578162586237806D-03 -0.200000050709313D+01
  0.583000738760095D-03 -0.200000051561550D+01
  0.587879377679093D-03 -0.200000052428111D+01
  0.592798841791131D-03 -0.200000053309235D+01
  0.597759472727638D-03 -0.200000054205167D+01
  0.602761614978866D-03 -0.200000055116157D+01
  0.607805615917816D-03 -0.200000056042458D+01
  0.612891825824357D-03 -0.200000056984326D+01
  0.618020597909555D-03 -0.200000057942024D+01
  0.623192288340200D-03 -0.200000058915816D+01
  0.628407256263538D-03 -0.200000059905975D+01
  0.633665863832215D-03 -0.200000060912775D+01
  0.638968476229427D-03 -0.200000061936495D+01
  0.644315461694275D-03 -0.200000062977421D+01
  0.649707191547344D-03 -0.200000064035840D+01
  0.655144040216485D-03 -0.200000065112048D+01
  0.660626385262819D-03 -0.200000066206342D+01
  0.666154607406954D-03 -0.200000067319028D+01
  0.671729090555427D-03 -0.200000068450414D+01
  0.677350221827365D-03 -0.200000069600814D+01
  0.683018391581364D-03 -0.200000070770549D+01
  0.688733993442603D-03 -0.200000071959942D+01
  0.694497424330173D-03 -0.200000073169325D+01
  0.700309084484648D-03 -0.200000074399033D+01
  0.706169377495874D-03 -0.200000075649408D+01
  0.712078710330997D-03 -0.200000076920797D+01
  0.718037493362730D-03 -0.200000078213553D+01
  0.724046140397843D-03 -0.200000079528036D+01
  0.730105068705906D-03 -0.200000080864611D+01
  0.736214699048266D-03 -0.200000082223648D+01
  0.742375455707262D-03 -0.200000083605526D+01
  0.748587766515693D-03 -0.200000085010629D+01
  0.754852062886529D-03 -0.200000086439345D+01
  0.761168779842869D-03 -0.200000087892074D+01
  0.767538356048151D-03 -0.200000089369217D+01
  0.773961233836615D-03 -0.200000090871186D+01
  0.780437859244024D-03 -0.200000092398397D+01
  0.786968682038632D-03 -0.200000093951276D+01
  0.793554155752425D-03 -0.200000095530252D+01
  0.800194737712613D-03 -0.200000097135765D+01
  0.806890889073391D-03 -0.200000098768261D+01
  0.813643074847959D-03 -0.200000100428194D+01
  0.820451763940822D-03 -0.200000102116023D+01
  0.827317429180347D-03 -0.200000103832219D+01
  0.834240547351602D-03 -0.200000105577258D+01
  0.841221599229464D-03 -0.200000107351625D+01
  0.848261069612008D-03 -0.200000109155812D+01
  0.855359447354173D-03 -0.200000110990321D+01
  0.862517225401711D-03 -0.200000112855661D+01
  0.869734900825417D-03 -0.200000114752351D+01
  0.877012974855653D-03 -0.200000116680917D+01
  0.884351952917151D-03 -0.200000118641895D+01
  0.891752344664115D-03 -0.200000120635831D+01
  0.899214664015612D-03 -0.200000122663277D+01
  0.906739429191263D-03 -0.200000124724797D+01
  0.914327162747229D-03 -0.200000126820963D+01
  0.921978391612501D-03 -0.200000128952359D+01
  0.929693647125492D-03 -0.200000131119575D+01
  0.937473465070934D-03 -0.200000133323214D+01
  0.945318385717091D-03 -0.200000135563889D+01
  0.953228953853269D-03 -0.200000137842221D+01
  0.961205718827659D-03 -0.200000140158843D+01
  0.969249234585477D-03 -0.200000142514399D+01
  0.977360059707440D-03 -0.200000144909544D+01
  0.985538757448552D-03 -0.200000147344942D+01
  0.993785895777219D-03 -0.200000149821271D+01
  0.100210204741470D-02 -0.200000152339217D+01
  0.101048778987486D-02 -0.200000154899481D+01
  0.101894370550430D-02 -0.200000157502773D+01
  0.102747038152278D-02 -0.200000160149818D+01
  0.103606841006400D-02 -0.200000162841349D+01
  0.104473838821675D-02 -0.200000165578115D+01
  0.105348091806631D-02 -0.200000168360876D+01
  0.106229660673633D-02 -0.200000171190406D+01
  0.107118606643095D-02 -0.200000174067489D+01
  0.108014991447734D-02 -0.200000176992925D+01
  0.108918877336855D-02 -0.200000179967528D+01
  0.109830327080674D-02 -0.200000182992122D+01
  0.110749403974679D-02 -0.200000186067549D+01
  0.111676171844023D-02 -0.200000189194663D+01
  0.112610695047959D-02 -0.200000192374332D+01
  0.113553038484306D-02 -0.200000195607439D+01
  0.114503267593961D-02 -0.200000198894883D+01
  0.115461448365438D-02 -0.200000202237578D+01
  0.116427647339452D-02 -0.200000205636450D+01
  0.117401931613543D-02 -0.200000209092445D+01
  0.118384368846734D-02 -0.200000212606523D+01
  0.119375027264226D-02 -0.200000216179660D+01
  0.120373975662141D-02 -0.200000219812848D+01
  0.121381283412297D-02 -0.200000223507096D+01
  0.122397020467027D-02 -0.200000227263432D+01
  0.123421257364033D-02 -0.200000231082897D+01
  0.124454065231289D-02 -0.200000234966554D+01
  0.125495515791980D-02 -0.200000238915481D+01
  0.126545681369480D-02 -0.200000242930775D+01
  0.127604634892375D-02 -0.200000247013552D+01
  0.128672449899530D-02 -0.200000251164945D+01
  0.129749200545194D-02 -0.200000255386107D+01
  0.130834961604151D-02 -0.200000259678212D+01
  0.131929808476910D-02 -0.200000264042452D+01
  0.133033817194944D-02 -0.200000268480038D+01
  0.134147064425969D-02 -0.200000272992204D+01
  0.135269627479268D-02 -0.200000277580203D+01
  0.136401584311059D-02 -0.200000282245310D+01
  0.137543013529911D-02 -0.200000286988820D+01
  0.138693994402200D-02 -0.200000291812051D+01
  0.139854606857616D-02 -0.200000296716343D+01
  0.141024931494713D-02 -0.200000301703058D+01
  0.142205049586506D-02 -0.200000306773582D+01
  0.143395043086113D-02 -0.200000311929322D+01
  0.144594994632451D-02 -0.200000317171712D+01
  0.145804987555971D-02 -0.200000322502207D+01
  0.147025105884444D-02 -0.200000327922288D+01
  0.148255434348801D-02 -0.200000333433462D+01
  0.149496058389013D-02 -0.200000339037257D+01
  0.150747064160026D-02 -0.200000344735232D+01
  0.152008538537743D-02 -0.200000350528970D+01
  0.153280569125058D-02 -0.200000356420079D+01
  0.154563244257941D-02 -0.200000362410195D+01
  0.155856653011568D-02 -0.200000368500984D+01
  0.157160885206512D-02 -0.200000374694137D+01
  0.158476031414977D-02 -0.200000380991374D+01
  0.159802182967090D-02 -0.200000387394445D+01
  0.161139431957241D-02 -0.200000393905128D+01
  0.162487871250480D-02 -0.200000400525231D+01
  0.163847594488968D-02 -0.200000407256595D+01
  0.165218696098476D-02 -0.200000414101088D+01
  0.166601271294944D-02 -0.200000421060612D+01
  0.167995416091094D-02 -0.200000428137100D+01
  0.169401227303098D-02 -0.200000435332519D+01
  0.170818802557299D-02 -0.200000442648866D+01
  0.172248240296992D-02 -0.200000450088174D+01
  0.173689639789262D-02 -0.200000457652509D+01
  0.175143101131875D-02 -0.200000465343974D+01
  0.176608725260231D-02 -0.200000473164704D+01
  0.178086613954372D-02 -0.200000481116872D+01
  0.179576869846051D-02 -0.200000489202687D+01
  0.181079596425860D-02 -0.200000497424395D+01
  0.182594898050414D-02 -0.200000505784280D+01
  0.184122879949604D-02 -0.200000514284665D+01
  0.185663648233895D-02 -0.200000522927909D+01
  0.187217309901707D-02 -0.200000531716416D+01
  0.188783972846833D-02 -0.200000540652625D+01
  0.190363745865942D-02 -0.200000549739019D+01
  0.191956738666128D-02 -0.200000558978122D+01
  0.193563061872531D-02 -0.200000568372501D+01
  0.195182827036020D-02 -0.200000577924765D+01
  0.196816146640937D-02 -0.200000587637569D+01
  0.198463134112912D-02 -0.200000597513609D+01
  0.200123903826735D-02 -0.200000607555629D+01
  0.201798571114306D-02 -0.200000617766419D+01
  0.203487252272636D-02 -0.200000628148815D+01
  0.205190064571928D-02 -0.200000638705702D+01
  0.206907126263722D-02 -0.200000649440011D+01
  0.208638556589102D-02 -0.200000660354726D+01
  0.210384475786982D-02 -0.200000671452876D+01
  0.212145005102451D-02 -0.200000682737547D+01
  0.213920266795198D-02 -0.200000694211872D+01
  0.215710384147998D-02 -0.200000705879038D+01
  0.217515481475276D-02 -0.200000717742287D+01
  0.219335684131737D-02 -0.200000729804914D+01
  0.221171118521076D-02 -0.200000742070270D+01
  0.223021912104751D-02 -0.200000754541763D+01
  0.224888193410840D-02 -0.200000767222855D+01
  0.226770092042960D-02 -0.200000780117071D+01
  0.228667738689272D-02 -0.200000793227992D+01
  0.230581265131556D-02 -0.200000806559260D+01
  0.232510804254363D-02 -0.200000820114578D+01
  0.234456490054239D-02 -0.200000833897712D+01
  0.236418457649037D-02 -0.200000847912490D+01
  0.238396843287294D-02 -0.200000862162806D+01
  0.240391784357697D-02 -0.200000876652618D+01
  0.242403419398622D-02 -0.200000891385951D+01
  0.244431888107755D-02 -0.200000906366898D+01
  0.246477331351795D-02 -0.200000921599621D+01
  0.248539891176232D-02 -0.200000937088351D+01
  0.250619710815217D-02 -0.200000952837390D+01
  0.252716934701505D-02 -0.200000968851113D+01
  0.254831708476487D-02 -0.200000985133969D+01
  0.256964179000302D-02 -0.200001001690481D+01
  0.259114494362038D-02 -0.200001018525247D+01
  0.261282803890015D-02 -0.200001035642946D+01
  0.263469258162155D-02 -0.200001053048331D+01
  0.265674009016439D-02 -0.200001070746237D+01
  0.267897209561451D-02 -0.200001088741582D+01
  0.270139014187012D-02 -0.200001107039363D+01
  0.272399578574899D-02 -0.200001125644664D+01
  0.274679059709658D-02 -0.200001144562652D+01
  0.276977615889507D-02 -0.200001163798584D+01
  0.279295406737326D-02 -0.200001183357802D+01
  0.281632593211745D-02 -0.200001203245740D+01
  0.283989337618318D-02 -0.200001223467923D+01
  0.286365803620801D-02 -0.200001244029967D+01
  0.288762156252507D-02 -0.200001264937586D+01
  0.291178561927779D-02 -0.200001286196586D+01
  0.293615188453536D-02 -0.200001307812873D+01
  0.296072205040934D-02 -0.200001329792452D+01
  0.298549782317111D-02 -0.200001352141428D+01
  0.301048092337040D-02 -0.200001374866011D+01
  0.303567308595478D-02 -0.200001397972512D+01
  0.306107606039010D-02 -0.200001421467350D+01
  0.308669161078202D-02 -0.200001445357051D+01
  0.311252151599849D-02 -0.200001469648253D+01
  0.313856756979332D-02 -0.200001494347702D+01
  0.316483158093071D-02 -0.200001519462261D+01
  0.319131537331087D-02 -0.200001544998905D+01
  0.321802078609670D-02 -0.200001570964728D+01
  0.324494967384149D-02 -0.200001597366944D+01
  0.327210390661770D-02 -0.200001624212886D+01
  0.329948537014686D-02 -0.200001651510012D+01
  0.332709596593049D-02 -0.200001679265904D+01
  0.335493761138218D-02 -0.200001707488274D+01
  0.338301223996072D-02 -0.200001736184961D+01
  0.341132180130437D-02 -0.200001765363936D+01
  0.343986826136626D-02 -0.200001795033306D+01
  0.346865360255094D-02 -0.200001825201311D+01
  0.349767982385200D-02 -0.200001855876333D+01
  0.352694894099091D-02 -0.200001887066892D+01
  0.355646298655701D-02 -0.200001918781653D+01
  0.358622401014867D-02 -0.200001951029426D+01
  0.361623407851560D-02 -0.200001983819168D+01
  0.364649527570238D-02 -0.200002017159990D+01
  0.367700970319319D-02 -0.200002051061151D+01
  0.370777948005777D-02 -0.200002085532070D+01
  0.373880674309854D-02 -0.200002120582323D+01
  0.377009364699902D-02 -0.200002156221645D+01
  0.380164236447344D-02 -0.200002192459938D+01
  0.383345508641763D-02 -0.200002229307267D+01
  0.386553402206118D-02 -0.200002266773869D+01
  0.389788139912086D-02 -0.200002304870151D+01
  0.393049946395528D-02 -0.200002343606696D+01
  0.396339048172094D-02 -0.200002382994266D+01
  0.399655673652953D-02 -0.200002423043800D+01
  0.403000053160651D-02 -0.200002463766425D+01
  0.406372418945108D-02 -0.200002505173453D+01
  0.409773005199749D-02 -0.200002547276387D+01
  0.413202048077764D-02 -0.200002590086922D+01
  0.416659785708508D-02 -0.200002633616950D+01
  0.420146458214039D-02 -0.200002677878565D+01
  0.423662307725794D-02 -0.200002722884060D+01
  0.427207578401401D-02 -0.200002768645939D+01
  0.430782516441639D-02 -0.200002815176914D+01
  0.434387370107530D-02 -0.200002862489911D+01
  0.438022389737582D-02 -0.200002910598072D+01
  0.441687827765176D-02 -0.200002959514762D+01
  0.445383938736092D-02 -0.200003009253569D+01
  0.449110979326187D-02 -0.200003059828311D+01
  0.452869208359225D-02 -0.200003111253036D+01
  0.456658886824841D-02 -0.200003163542031D+01
  0.460480277896674D-02 -0.200003216709820D+01
  0.464333646950641D-02 -0.200003270771173D+01
  0.468219261583363D-02 -0.200003325741108D+01
  0.472137391630751D-02 -0.200003381634896D+01
  0.476088309186744D-02 -0.200003438468062D+01
  0.480072288622205D-02 -0.200003496256395D+01
  0.484089606603973D-02 -0.200003555015949D+01
  0.488140542114078D-02 -0.200003614763045D+01
  0.492225376469115D-02 -0.200003675514282D+01
  0.496344393339776D-02 -0.200003737286536D+01
  0.500497878770556D-02 -0.200003800096966D+01
  0.504686121199613D-02 -0.200003863963021D+01
  0.508909411478797D-02 -0.200003928902443D+01
  0.513168042893854D-02 -0.200003994933271D+01
  0.517462311184787D-02 -0.200004062073848D+01
  0.521792514566399D-02 -0.200004130342826D+01
  0.526158953748997D-02 -0.200004199759170D+01
  0.530561931959280D-02 -0.200004270342162D+01
  0.535001754961392D-02 -0.200004342111410D+01
  0.539478731078160D-02 -0.200004415086853D+01
  0.543993171212503D-02 -0.200004489288760D+01
  0.548545388869021D-02 -0.200004564737747D+01
  0.553135700175770D-02 -0.200004641454772D+01
  0.557764423906214D-02 -0.200004719461146D+01
  0.562431881501360D-02 -0.200004798778540D+01
  0.567138397092084D-02 -0.200004879428988D+01
  0.571884297521638D-02 -0.200004961434894D+01
  0.576669912368348D-02 -0.200005044819039D+01
  0.581495573968501D-02 -0.200005129604586D+01
  0.586361617439427D-02 -0.200005215815090D+01
  0.591268380702765D-02 -0.200005303474499D+01
  0.596216204507936D-02 -0.200005392607164D+01
  0.601205432455805D-02 -0.200005483237847D+01
  0.606236411022539D-02 -0.200005575391725D+01
  0.611309489583672D-02 -0.200005669094396D+01
  0.616425020438365D-02 -0.200005764371893D+01
  0.621583358833872D-02 -0.200005861250683D+01
  0.626784862990210D-02 -0.200005959757679D+01
  0.632029894125036D-02 -0.200006059920246D+01
  0.637318816478731D-02 -0.200006161766209D+01
  0.642651997339695D-02 -0.200006265323860D+01
  0.648029807069853D-02 -0.200006370621969D+01
  0.653452619130376D-02 -0.200006477689787D+01
  0.658920810107614D-02 -0.200006586557057D+01
  0.664434759739249D-02 -0.200006697254022D+01
  0.669994850940665D-02 -0.200006809811435D+01
  0.675601469831543D-02 -0.200006924260565D+01
  0.681255005762668D-02 -0.200007040633204D+01
  0.686955851342975D-02 -0.200007158961682D+01
  0.692704402466810D-02 -0.200007279278870D+01
  0.698501058341420D-02 -0.200007401618194D+01
  0.704346221514684D-02 -0.200007526013638D+01
  0.710240297903059D-02 -0.200007652499761D+01
  0.716183696819775D-02 -0.200007781111701D+01
  0.722176831003255D-02 -0.200007911885187D+01
  0.728220116645782D-02 -0.200008044856547D+01
  0.734313973422398D-02 -0.200008180062722D+01
  0.740458824520052D-02 -0.200008317541274D+01
  0.746655096666983D-02 -0.200008457330393D+01
  0.752903220162359D-02 -0.200008599468914D+01
  0.759203628906154D-02 -0.200008743996325D+01
  0.765556760429287D-02 -0.200008890952775D+01
  0.771963055924000D-02 -0.200009040379090D+01
  0.778422960274498D-02 -0.200009192316782D+01
  0.784936922087846D-02 -0.200009346808060D+01
  0.791505393725122D-02 -0.200009503895842D+01
  0.798128831332829D-02 -0.200009663623770D+01
  0.804807694874574D-02 -0.200009826036217D+01
  0.811542448163009D-02 -0.200009991178301D+01
  0.818333558892041D-02 -0.200010159095902D+01
  0.825181498669312D-02 -0.200010329835669D+01
  0.832086743048946D-02 -0.200010503445034D+01
  0.839049771564578D-02 -0.200010679972228D+01
  0.846071067762654D-02 -0.200010859466292D+01
  0.853151119236010D-02 -0.200011041977091D+01
  0.860290417657730D-02 -0.200011227555330D+01
  0.867489458815298D-02 -0.200011416252564D+01
  0.874748742645021D-02 -0.200011608121215D+01
  0.882068773266747D-02 -0.200011803214587D+01
  0.889450059018879D-02 -0.200012001586880D+01
  0.896893112493672D-02 -0.200012203293205D+01
  0.904398450572830D-02 -0.200012408389597D+01
  0.911966594463403D-02 -0.200012616933036D+01
  0.919598069733979D-02 -0.200012828981459D+01
  0.927293406351188D-02 -0.200013044593776D+01
  0.935053138716497D-02 -0.200013263829888D+01
  0.942877805703327D-02 -0.200013486750702D+01
  0.950767950694476D-02 -0.200013713418150D+01
  0.958724121619850D-02 -0.200013943895203D+01
  0.966746870994516D-02 -0.200014178245893D+01
  0.974836755957071D-02 -0.200014416535327D+01
  0.982994338308334D-02 -0.200014658829707D+01
  0.991220184550357D-02 -0.200014905196346D+01
  0.999514865925768D-02 -0.200015155703691D+01
  0.100787895845744D-01 -0.200015410421338D+01
  0.101631304298850D-01 -0.200015669420053D+01
  0.102481770522264D-01 -0.200015932771792D+01
  0.103339353576483D-01 -0.200016200549721D+01
  0.104204113016230D-01 -0.200016472828234D+01
  0.105076108894592D-01 -0.200016749682978D+01
  0.105955401767188D-01 -0.200017031190870D+01
  0.106842052696377D-01 -0.200017317430119D+01
  0.107736123255496D-01 -0.200017608480252D+01
  0.108637675533139D-01 -0.200017904422130D+01
  0.109546772137463D-01 -0.200018205337973D+01
  0.110463476200544D-01 -0.200018511311386D+01
  0.111387851382754D-01 -0.200018822427377D+01
  0.112319961877185D-01 -0.200019138772383D+01
  0.113259872414108D-01 -0.200019460434295D+01
  0.114207648265465D-01 -0.200019787502482D+01
  0.115163355249405D-01 -0.200020120067813D+01
  0.116127059734853D-01 -0.200020458222686D+01
  0.117098828646117D-01 -0.200020802061054D+01
  0.118078729467542D-01 -0.200021151678445D+01
  0.119066830248188D-01 -0.200021507171998D+01
  0.120063199606563D-01 -0.200021868640480D+01
  0.121067906735384D-01 -0.200022236184323D+01
  0.122081021406383D-01 -0.200022609905643D+01
  0.123102613975152D-01 -0.200022989908277D+01
  0.124132755386031D-01 -0.200023376297804D+01
  0.125171517177031D-01 -0.200023769181579D+01
  0.126218971484805D-01 -0.200024168668763D+01
  0.127275191049657D-01 -0.200024574870350D+01
  0.128340249220593D-01 -0.200024987899203D+01
  0.129414219960412D-01 -0.200025407870078D+01
  0.130497177850849D-01 -0.200025834899664D+01
  0.131589198097747D-01 -0.200026269106610D+01
  0.132690356536285D-01 -0.200026710611560D+01
  0.133800729636241D-01 -0.200027159537187D+01
  0.134920394507305D-01 -0.200027616008225D+01
  0.136049428904431D-01 -0.200028080151506D+01
  0.137187911233239D-01 -0.200028552095993D+01
  0.138335920555461D-01 -0.200029031972819D+01
  0.139493536594426D-01 -0.200029519915320D+01
  0.140660839740603D-01 -0.200030016059075D+01
  0.141837911057180D-01 -0.200030520541942D+01
  0.143024832285693D-01 -0.200031033504095D+01
  0.144221685851704D-01 -0.200031555088067D+01
  0.145428554870526D-01 -0.200032085438786D+01
  0.146645523152991D-01 -0.200032624703618D+01
  0.147872675211276D-01 -0.200033173032405D+01
  0.149110096264767D-01 -0.200033730577510D+01
  0.150357872245977D-01 -0.200034297493856D+01
  0.151616089806520D-01 -0.200034873938971D+01
  0.152884836323118D-01 -0.200035460073032D+01
  0.154164199903681D-01 -0.200036056058911D+01
  0.155454269393414D-01 -0.200036662062214D+01
  0.156755134380996D-01 -0.200037278251336D+01
  0.158066885204795D-01 -0.200037904797501D+01
  0.159389612959146D-01 -0.200038541874812D+01
  0.160723409500674D-01 -0.200039189660299D+01
  0.162068367454675D-01 -0.200039848333970D+01
  0.163424580221548D-01 -0.200040518078859D+01
  0.164792141983280D-01 -0.200041199081078D+01
  0.166171147709988D-01 -0.200041891529867D+01
  0.167561693166511D-01 -0.200042595617649D+01
  0.168963874919066D-01 -0.200043311540084D+01
  0.170377790341949D-01 -0.200044039496119D+01
  0.171803537624299D-01 -0.200044779688048D+01
  0.173241215776917D-01 -0.200045532321567D+01
  0.174690924639141D-01 -0.200046297605830D+01
  0.176152764885781D-01 -0.200047075753509D+01
  0.177626838034108D-01 -0.200047866980851D+01
  0.179113246450905D-01 -0.200048671507740D+01
  0.180612093359576D-01 -0.200049489557757D+01
  0.182123482847315D-01 -0.200050321358244D+01
  0.183647519872331D-01 -0.200051167140365D+01
  0.185184310271143D-01 -0.200052027139172D+01
  0.186733960765923D-01 -0.200052901593669D+01
  0.188296578971912D-01 -0.200053790746880D+01
  0.189872273404890D-01 -0.200054694845917D+01
  0.191461153488717D-01 -0.200055614142044D+01
  0.193063329562923D-01 -0.200056548890755D+01
  0.194678912890383D-01 -0.200057499351837D+01
  0.196308015665030D-01 -0.200058465789450D+01
  0.197950751019656D-01 -0.200059448472193D+01
  0.199607233033767D-01 -0.200060447673184D+01
  0.201277576741501D-01 -0.200061463670134D+01
  0.202961898139620D-01 -0.200062496745426D+01
  0.204660314195565D-01 -0.200063547186189D+01
  0.206372942855577D-01 -0.200064615284386D+01
  0.208099903052892D-01 -0.200065701336886D+01
  0.209841314715993D-01 -0.200066805645553D+01
  0.211597298776947D-01 -0.200067928517330D+01
  0.213367977179798D-01 -0.200069070264319D+01
  0.215153472889033D-01 -0.200070231203875D+01
  0.216953909898129D-01 -0.200071411658688D+01
  0.218769413238158D-01 -0.200072611956879D+01
  0.220600108986469D-01 -0.200073832432086D+01
  0.222446124275447D-01 -0.200075073423559D+01
  0.224307587301340D-01 -0.200076335276255D+01
  0.226184627333163D-01 -0.200077618340935D+01
  0.228077374721672D-01 -0.200078922974258D+01
  0.229985960908418D-01 -0.200080249538885D+01
  0.231910518434875D-01 -0.200081598403576D+01
  0.233851180951646D-01 -0.200082969943295D+01
  0.235808083227741D-01 -0.200084364539315D+01
  0.237781361159937D-01 -0.200085782579321D+01
  0.239771151782217D-01 -0.200087224457522D+01
  0.241777593275286D-01 -0.200088690574758D+01
  0.243800824976163D-01 -0.200090181338613D+01
  0.245840987387865D-01 -0.200091697163528D+01
  0.247898222189156D-01 -0.200093238470918D+01
  0.249972672244390D-01 -0.200094805689285D+01
  0.252064481613434D-01 -0.200096399254343D+01
  0.254173795561666D-01 -0.200098019609138D+01
  0.256300760570071D-01 -0.200099667204169D+01
  0.258445524345405D-01 -0.200101342497514D+01
  0.260608235830461D-01 -0.200103045954961D+01
  0.262789045214405D-01 -0.200104778050133D+01
  0.264988103943208D-01 -0.200106539264627D+01
  0.267205564730168D-01 -0.200108330088138D+01
  0.269441581566507D-01 -0.200110151018607D+01
  0.271696309732071D-01 -0.200112002562351D+01
  0.273969905806110D-01 -0.200113885234208D+01
  0.276262527678156D-01 -0.200115799557681D+01
  0.278574334558981D-01 -0.200117746065082D+01
  0.280905486991658D-01 -0.200119725297682D+01
  0.283256146862712D-01 -0.200121737805861D+01
  0.285626477413354D-01 -0.200123784149264D+01
  0.288016643250826D-01 -0.200125864896953D+01
  0.290426810359827D-01 -0.200127980627567D+01
  0.292857146114041D-01 -0.200130131929487D+01
  0.295307819287762D-01 -0.200132319400997D+01
  0.297779000067611D-01 -0.200134543650450D+01
  0.300270860064358D-01 -0.200136805296439D+01
  0.302783572324838D-01 -0.200139104967972D+01
  0.305317311343967D-01 -0.200141443304644D+01
  0.307872253076861D-01 -0.200143820956817D+01
  0.310448574951058D-01 -0.200146238585801D+01
  0.313046455878834D-01 -0.200148696864040D+01
  0.315666076269630D-01 -0.200151196475299D+01
  0.318307618042581D-01 -0.200153738114854D+01
  0.320971264639152D-01 -0.200156322489686D+01
  0.323657201035869D-01 -0.200158950318681D+01
  0.326365613757173D-01 -0.200161622332830D+01
  0.329096690888370D-01 -0.200164339275428D+01
  0.331850622088691D-01 -0.200167101902291D+01
  0.334627598604465D-01 -0.200169910981958D+01
  0.337427813282400D-01 -0.200172767295912D+01
  0.340251460582973D-01 -0.200175671638796D+01
  0.343098736593938D-01 -0.200178624818633D+01
  0.345969839043938D-01 -0.200181627657057D+01
  0.348864967316244D-01 -0.200184680989538D+01
  0.351784322462592D-01 -0.200187785665617D+01
  0.354728107217153D-01 -0.200190942549144D+01
  0.357696526010606D-01 -0.200194152518518D+01
  0.360689784984337D-01 -0.200197416466935D+01
  0.363708092004758D-01 -0.200200735302637D+01
  0.366751656677734D-01 -0.200204109949165D+01
  0.369820690363146D-01 -0.200207541345615D+01
  0.372915406189568D-01 -0.200211030446908D+01
  0.376036019069065D-01 -0.200214578224049D+01
  0.379182745712117D-01 -0.200218185664404D+01
  0.382355804642674D-01 -0.200221853771975D+01
  0.385555416213324D-01 -0.200225583567679D+01
  0.388781802620603D-01 -0.200229376089636D+01
  0.392035187920418D-01 -0.200233232393458D+01
  0.395315798043611D-01 -0.200237153552548D+01
  0.398623860811648D-01 -0.200241140658394D+01
  0.401959605952440D-01 -0.200245194820881D+01
  0.405323265116296D-01 -0.200249317168600D+01
  0.408715071892008D-01 -0.200253508849160D+01
  0.412135261823078D-01 -0.200257771029517D+01
  0.415584072424070D-01 -0.200262104896295D+01
  0.419061743197105D-01 -0.200266511656119D+01
  0.422568515648497D-01 -0.200270992535956D+01
  0.426104633305518D-01 -0.200275548783457D+01
  0.429670341733317D-01 -0.200280181667308D+01
  0.433265888551967D-01 -0.200284892477584D+01
  0.436891523453665D-01 -0.200289682526111D+01
  0.440547498220069D-01 -0.200294553146835D+01
  0.444234066739784D-01 -0.200299505696195D+01
  0.447951485025996D-01 -0.200304541553504D+01
  0.451700011234245D-01 -0.200309662121338D+01
  0.455479905680359D-01 -0.200314868825925D+01
  0.459291430858526D-01 -0.200320163117549D+01
  0.463134851459526D-01 -0.200325546470956D+01
  0.467010434389113D-01 -0.200331020385768D+01
  0.470918448786547D-01 -0.200336586386903D+01
  0.474859166043288D-01 -0.200342246025006D+01
  0.478832859821839D-01 -0.200348000876881D+01
  0.482839806074756D-01 -0.200353852545938D+01
  0.486880283063803D-01 -0.200359802662640D+01
  0.490954571379286D-01 -0.200365852884961D+01
  0.495062953959530D-01 -0.200372004898857D+01
  0.499205716110532D-01 -0.200378260418734D+01
  0.503383145525772D-01 -0.200384621187933D+01
  0.507595532306195D-01 -0.200391088979221D+01
  0.511843168980354D-01 -0.200397665595285D+01
  0.516126350524723D-01 -0.200404352869248D+01
  0.520445374384188D-01 -0.200411152665176D+01
  0.524800540492697D-01 -0.200418066878605D+01
  0.529192151294090D-01 -0.200425097437080D+01
  0.533620511763105D-01 -0.200432246300689D+01
  0.538085929426555D-01 -0.200439515462621D+01
  0.542588714384682D-01 -0.200446906949728D+01
  0.547129179332696D-01 -0.200454422823090D+01
  0.551707639582487D-01 -0.200462065178602D+01
  0.556324413084525D-01 -0.200469836147562D+01
  0.560979820449935D-01 -0.200477737897273D+01
  0.565674184972766D-01 -0.200485772631650D+01
  0.570407832652442D-01 -0.200493942591850D+01
  0.575181092216398D-01 -0.200502250056894D+01
  0.579994295142910D-01 -0.200510697344319D+01
  0.584847775684117D-01 -0.200519286810826D+01
  0.589741870889228D-01 -0.200528020852949D+01
  0.594676920627934D-01 -0.200536901907729D+01
  0.599653267614004D-01 -0.200545932453404D+01
  0.604671257429091D-01 -0.200555115010108D+01
  0.609731238546726D-01 -0.200564452140585D+01
  0.614833562356521D-01 -0.200573946450911D+01
  0.619978583188567D-01 -0.200583600591232D+01
  0.625166658338046D-01 -0.200593417256511D+01
  0.630398148090040D-01 -0.200603399187297D+01
  0.635673415744550D-01 -0.200613549170492D+01
  0.640992827641728D-01 -0.200623870040144D+01
  0.646356753187316D-01 -0.200634364678249D+01
  0.651765564878299D-01 -0.200645036015566D+01
  0.657219638328773D-01 -0.200655887032450D+01
  0.662719352296032D-01 -0.200666920759690D+01
  0.668265088706866D-01 -0.200678140279376D+01
  0.673857232684088D-01 -0.200689548725765D+01
  0.679496172573277D-01 -0.200701149286175D+01
  0.685182299969748D-01 -0.200712945201886D+01
  0.690916009745744D-01 -0.200724939769062D+01
  0.696697700077858D-01 -0.200737136339683D+01
  0.702527772474688D-01 -0.200749538322499D+01
  0.708406631804715D-01 -0.200762149183999D+01
  0.714334686324421D-01 -0.200774972449391D+01
  0.720312347706643D-01 -0.200788011703608D+01
  0.726340031069156D-01 -0.200801270592325D+01
  0.732418155003504D-01 -0.200814752822995D+01
  0.738547141604071D-01 -0.200828462165904D+01
  0.744727416497389D-01 -0.200842402455244D+01
  0.750959408871698D-01 -0.200856577590201D+01
  0.757243551506751D-01 -0.200870991536070D+01
  0.763580280803867D-01 -0.200885648325380D+01
  0.769970036816239D-01 -0.200900552059041D+01
  0.776413263279491D-01 -0.200915706907519D+01
  0.782910407642494D-01 -0.200931117112018D+01
  0.789461921098441D-01 -0.200946786985691D+01
  0.796068258616176D-01 -0.200962720914872D+01
  0.802729878971794D-01 -0.200978923360325D+01
  0.809447244780495D-01 -0.200995398858519D+01
  0.816220822528717D-01 -0.201012152022919D+01
  0.823051082606525D-01 -0.201029187545310D+01
  0.829938499340280D-01 -0.201046510197129D+01
  0.836883551025580D-01 -0.201064124830836D+01
  0.843886719960471D-01 -0.201082036381296D+01
  0.850948492478943D-01 -0.201100249867193D+01
  0.858069358984705D-01 -0.201118770392462D+01
  0.865249813985235D-01 -0.201137603147755D+01
  0.872490356126129D-01 -0.201156753411920D+01
  0.879791488225722D-01 -0.201176226553517D+01
  0.887153717310011D-01 -0.201196028032357D+01
  0.894577554647864D-01 -0.201216163401059D+01
  0.902063515786523D-01 -0.201236638306650D+01
  0.909612120587409D-01 -0.201257458492179D+01
  0.917223893262223D-01 -0.201278629798366D+01
  0.924899362409349D-01 -0.201300158165276D+01
  0.932639061050561D-01 -0.201322049634027D+01
  0.940443526668042D-01 -0.201344310348520D+01
  0.948313301241709D-01 -0.201366946557209D+01
  0.956248931286846D-01 -0.201389964614891D+01
  0.964250967892063D-01 -0.201413370984535D+01
  0.972319966757562D-01 -0.201437172239141D+01
  0.980456488233729D-01 -0.201461375063625D+01
  0.988661097360048D-01 -0.201485986256751D+01
  0.996934363904338D-01 -0.201511012733077D+01
  0.100527686240232D+00 -0.201536461524956D+01
  0.101368917219753D+00 -0.201562339784552D+01
  0.102217187748152D+00 -0.201588654785904D+01
  0.103072556733446D+00 -0.201615413927025D+01
  0.103935083576602D+00 -0.201642624732028D+01
  0.104804828175665D+00 -0.201670294853299D+01
  0.105681850929914D+00 -0.201698432073703D+01
  0.106566212744060D+00 -0.201727044308830D+01
  0.107457975032474D+00 -0.201756139609278D+01
  0.108357199723450D+00 -0.201785726162977D+01
  0.109263949263508D+00 -0.201815812297553D+01
  0.110178286621732D+00 -0.201846406482733D+01
  0.111100275294138D+00 -0.201877517332793D+01
  0.112029979308089D+00 -0.201909153609042D+01
  0.112967463226736D+00 -0.201941324222362D+01
  0.113912792153507D+00 -0.201974038235775D+01
  0.114866031736623D+00 -0.202007304867071D+01
  0.115827248173660D+00 -0.202041133491469D+01
  0.116796508216147D+00 -0.202075533644330D+01
  0.117773879174198D+00 -0.202110515023916D+01
  0.118759428921189D+00 -0.202146087494194D+01
  0.119753225898471D+00 -0.202182261087696D+01
  0.120755339120122D+00 -0.202219046008415D+01
  0.121765838177741D+00 -0.202256452634765D+01
  0.122784793245280D+00 -0.202294491522580D+01
  0.123812275083917D+00 -0.202333173408176D+01
  0.124848355046969D+00 -0.202372509211455D+01
  0.125893105084851D+00 -0.202412510039069D+01
  0.126946597750070D+00 -0.202453187187634D+01
  0.128008906202260D+00 -0.202494552147004D+01
  0.129080104213269D+00 -0.202536616603596D+01
  0.130160266172279D+00 -0.202579392443774D+01
  0.131249467090970D+00 -0.202622891757290D+01
  0.132347782608734D+00 -0.202667126840785D+01
  0.133455288997922D+00 -0.202712110201349D+01
  0.134572063169145D+00 -0.202757854560137D+01
  0.135698182676615D+00 -0.202804372856057D+01
  0.136833725723527D+00 -0.202851678249506D+01
  0.137978771167493D+00 -0.202899784126183D+01
  0.139133398526019D+00 -0.202948704100954D+01
  0.140297687982024D+00 -0.202998452021793D+01
  0.141471720389411D+00 -0.203049041973781D+01
  0.142655577278679D+00 -0.203100488283175D+01
  0.143849340862588D+00 -0.203152805521543D+01
  0.145053094041867D+00 -0.203206008509975D+01
  0.146266920410971D+00 -0.203260112323350D+01
  0.147490904263884D+00 -0.203315132294692D+01
  0.148725130599978D+00 -0.203371084019577D+01
  0.149969685129911D+00 -0.203427983360634D+01
  0.151224654281581D+00 -0.203485846452100D+01
  0.152490125206128D+00 -0.203544689704464D+01
  0.153766185783986D+00 -0.203604529809181D+01
  0.155052924630985D+00 -0.203665383743460D+01
  0.156350431104507D+00 -0.203727268775134D+01
  0.157658795309689D+00 -0.203790202467604D+01
  0.158978108105683D+00 -0.203854202684868D+01
  0.160308461111964D+00 -0.203919287596623D+01
  0.161649946714690D+00 -0.203985475683451D+01
  0.163002658073124D+00 -0.204052785742092D+01
  0.164366689126099D+00 -0.204121236890788D+01
  0.165742134598540D+00 -0.204190848574720D+01
  0.167129090008048D+00 -0.204261640571529D+01
  0.168527651671527D+00 -0.204333632996914D+01
  0.169937916711878D+00 -0.204406846310322D+01
  0.171359983064740D+00 -0.204481301320725D+01
  0.172793949485291D+00 -0.204557019192483D+01
  0.174239915555110D+00 -0.204634021451287D+01
  0.175697981689088D+00 -0.204712329990203D+01
  0.177168249142403D+00 -0.204791967075797D+01
  0.178650820017554D+00 -0.204872955354346D+01
  0.180145797271446D+00 -0.204955317858148D+01
  0.181653284722545D+00 -0.205039078011915D+01
  0.183173387058086D+00 -0.205124259639253D+01
  0.184706209841342D+00 -0.205210886969245D+01
  0.186251859518955D+00 -0.205298984643107D+01
  0.187810443428329D+00 -0.205388577720951D+01
  0.189382069805086D+00 -0.205479691688626D+01
  0.190966847790576D+00 -0.205572352464654D+01
  0.192564887439464D+00 -0.205666586407258D+01
  0.194176299727367D+00 -0.205762420321475D+01
  0.195801196558565D+00 -0.205859881466361D+01
  0.197439690773767D+00 -0.205958997562281D+01
  0.199091896157953D+00 -0.206059796798292D+01
  0.200757927448272D+00 -0.206162307839606D+01
  0.202437900342011D+00 -0.206266559835144D+01
  0.204131931504629D+00 -0.206372582425169D+01
  0.205840138577860D+00 -0.206480405749007D+01
  0.207562640187881D+00 -0.206590060452848D+01
  0.209299555953553D+00 -0.206701577697619D+01
  0.211051006494724D+00 -0.206814989166945D+01
  0.212817113440606D+00 -0.206930327075179D+01
  0.214597999438227D+00 -0.207047624175505D+01
  0.216393788160940D+00 -0.207166913768109D+01
  0.218204604317016D+00 -0.207288229708418D+01
  0.220030573658307D+00 -0.207411606415407D+01
  0.221871822988971D+00 -0.207537078879952D+01
  0.223728480174287D+00 -0.207664682673254D+01
  0.225600674149526D+00 -0.207794453955300D+01
  0.227488534928912D+00 -0.207926429483381D+01
  0.229392193614646D+00 -0.208060646620644D+01
  0.231311782406014D+00 -0.208197143344679D+01
  0.233247434608563D+00 -0.208335958256141D+01
  0.235199284643364D+00 -0.208477130587386D+01
  0.237167468056343D+00 -0.208620700211132D+01
  0.239152121527693D+00 -0.208766707649117D+01
  0.241153382881370D+00 -0.208915194080767D+01
  0.243171391094662D+00 -0.209066201351849D+01
  0.245206286307839D+00 -0.209219771983102D+01
  0.247258209833886D+00 -0.209375949178850D+01
  0.249327304168317D+00 -0.209534776835565D+01
  0.251413712999070D+00 -0.209696299550383D+01
  0.253517581216485D+00 -0.209860562629558D+01
  0.255639054923369D+00 -0.210027612096834D+01
  0.257778281445135D+00 -0.210197494701733D+01
  0.259935409340042D+00 -0.210370257927729D+01
  0.262110588409505D+00 -0.210545950000308D+01
  0.264303969708499D+00 -0.210724619894883D+01
  0.266515705556052D+00 -0.210906317344552D+01
  0.268745949545821D+00 -0.211091092847681D+01
  0.270994856556755D+00 -0.211278997675291D+01
  0.273262582763857D+00 -0.211470083878218D+01
  0.275549285649025D+00 -0.211664404294038D+01
  0.277855124011989D+00 -0.211862012553721D+01
  0.280180257981341D+00 -0.212062963087989D+01
  0.282524849025650D+00 -0.212267311133356D+01
  0.284889059964683D+00 -0.212475112737811D+01
  0.287273054980704D+00 -0.212686424766124D+01
  0.289676999629881D+00 -0.212901304904727D+01
  0.292101060853780D+00 -0.213119811666154D+01
  0.294545406990961D+00 -0.213342004392978D+01
  0.297010207788666D+00 -0.213567943261230D+01
  0.299495634414607D+00 -0.213797689283244D+01
  0.302001859468855D+00 -0.214031304309881D+01
  0.304529056995822D+00 -0.214268851032093D+01
  0.307077402496353D+00 -0.214510392981782D+01
  0.309647072939910D+00 -0.214755994531881D+01
  0.312238246776862D+00 -0.215005720895622D+01
  0.314851103950877D+00 -0.215259638124924D+01
  0.317485825911421D+00 -0.215517813107835D+01
  0.320142595626355D+00 -0.215780313564974D+01
  0.322821597594643D+00 -0.216047208044889D+01
  0.325523017859166D+00 -0.216318565918268D+01
  0.328247044019639D+00 -0.216594457370928D+01
  0.330993865245640D+00 -0.216874953395488D+01
  0.333763672289747D+00 -0.217160125781654D+01
  0.336556657500784D+00 -0.217450047105018D+01
  0.339373014837180D+00 -0.217744790714275D+01
  0.342212939880438D+00 -0.218044430716767D+01
  0.345076629848715D+00 -0.218349041962235D+01
  0.347964283610522D+00 -0.218658700024673D+01
  0.350876101698530D+00 -0.218973481182174D+01
  0.353812286323499D+00 -0.219293462394636D+01
  0.356773041388319D+00 -0.219618721279196D+01
  0.359758572502170D+00 -0.219949336083265D+01
  0.362769086994802D+00 -0.220285385655015D+01
  0.365804793930931D+00 -0.220626949411165D+01
  0.368865904124759D+00 -0.220974107301912D+01
  0.371952630154613D+00 -0.221326939772839D+01
  0.375065186377707D+00 -0.221685527723622D+01
  0.378203788945030D+00 -0.222049952463359D+01
  0.381368655816355D+00 -0.222420295662320D+01
  0.384560006775376D+00 -0.222796639299925D+01
  0.387778063444969D+00 -0.223179065608727D+01
  0.391023049302586D+00 -0.223567657014197D+01
  0.394295189695770D+00 -0.223962496070051D+01
  0.397594711857808D+00 -0.224363665388901D+01
  0.400921844923510D+00 -0.224771247567961D+01
  0.404276819945121D+00 -0.225185325109545D+01
  0.407659869908364D+00 -0.225605980336082D+01
  0.411071229748625D+00 -0.226033295299342D+01
  0.414511136367264D+00 -0.226467351683591D+01
  0.417979828648067D+00 -0.226908230702337D+01
  0.421477547473837D+00 -0.227356012988348D+01
  0.425004535743120D+00 -0.227810778476583D+01
  0.428561038387073D+00 -0.228272606279691D+01
  0.432147302386478D+00 -0.228741574555687D+01
  0.435763576788886D+00 -0.229217760367430D+01
  0.439410112725917D+00 -0.229701239533471D+01
  0.443087163430698D+00 -0.230192086469882D+01
  0.446794984255452D+00 -0.230690374022590D+01
  0.450533832689226D+00 -0.231196173289793D+01
  0.454303968375774D+00 -0.231709553433959D+01
  0.458105653131590D+00 -0.232230581482936D+01
  0.461939150964087D+00 -0.232759322119655D+01
  0.465804728089933D+00 -0.233295837459908D+01
  0.469702652953538D+00 -0.233840186817661D+01
  0.473633196245695D+00 -0.234392426457332D+01
  0.477596630922378D+00 -0.234952609332480D+01
  0.481593232223701D+00 -0.235520784810289D+01
  0.485623277693025D+00 -0.236096998381266D+01
  0.489687047196240D+00 -0.236681291353503D+01
  0.493784822941193D+00 -0.237273700530888D+01
  0.497916889497292D+00 -0.237874257874598D+01
  0.502083533815264D+00 -0.238482990147220D+01
  0.506285045247083D+00 -0.239099918538813D+01
  0.510521715566065D+00 -0.239725058274241D+01
  0.514793838987129D+00 -0.240358418201056D+01
  0.519101712187229D+00 -0.241000000357261D+01
  0.523445634325958D+00 -0.241649799518222D+01
  0.527825907066321D+00 -0.242307802722032D+01
  0.532242834595686D+00 -0.242973988772618D+01
  0.536696723646906D+00 -0.243648327719895D+01
  0.541187883519621D+00 -0.244330780316258D+01
  0.545716626101740D+00 -0.245021297448749D+01
  0.550283265891093D+00 -0.245719819546217D+01
  0.554888120017281D+00 -0.246426275960839D+01
  0.559531508263690D+00 -0.247140584323376D+01
  0.564213753089703D+00 -0.247862649871589D+01
  0.568935179653092D+00 -0.248592364751271D+01
  0.573696115832601D+00 -0.249329607289400D+01
  0.578496892250709D+00 -0.250074241238967D+01
  0.583337842296598D+00 -0.250826114995124D+01
  0.588219302149300D+00 -0.251585060782334D+01
  0.593141610801043D+00 -0.252350893812327D+01
  0.598105110080797D+00 -0.253123411412727D+01
  0.603110144678005D+00 -0.253902392126366D+01
  0.608157062166526D+00 -0.254687594781384D+01
  0.613246213028769D+00 -0.255478757532377D+01
  0.618377950680034D+00 -0.256275596872995D+01
  0.623552631493054D+00 -0.257077806620575D+01
  0.628770614822742D+00 -0.257885056873554D+01
  0.634032263031149D+00 -0.258696992942657D+01
  0.639337941512625D+00 -0.259513234257032D+01
  0.644688018719199D+00 -0.260333373246779D+01
  0.650082866186159D+00 -0.261156974203604D+01
  0.655522858557858D+00 -0.261983572121567D+01
  0.661008373613731D+00 -0.262812671520287D+01
  0.666539792294527D+00 -0.263643745253228D+01
  0.672117498728768D+00 -0.264476233304136D+01
  0.677741880259419D+00 -0.265309541575038D+01
  0.683413327470791D+00 -0.266143040669663D+01
  0.689132234215665D+00 -0.266976064676604D+01
  0.694898997642639D+00 -0.267807909957011D+01
  0.700714018223715D+00 -0.268637833942119D+01
  0.706577699782103D+00 -0.269465053946470D+01
  0.712490449520268D+00 -0.270288746003248D+01
  0.718452678048206D+00 -0.271108043728746D+01
  0.724464799411961D+00 -0.271922037223628D+01
  0.730527231122378D+00 -0.272729772019276D+01
  0.736640394184095D+00 -0.273530248078217D+01
  0.742804713124781D+00 -0.274322418858318D+01
  0.749020616024618D+00 -0.275105190451135D+01
  0.755288534546028D+00 -0.275877420805568D+01
  0.761608903963649D+00 -0.276637919048696D+01
  0.767982163194563D+00 -0.277385444916421D+01
  0.774408754828780D+00 -0.278118708307297D+01
  0.780889125159967D+00 -0.278836368973653D+01
  0.787423724216445D+00 -0.279537036364854D+01
  0.794013005792443D+00 -0.280219269638227D+01
  0.800657427479607D+00 -0.280881577853844D+01
  0.807357450698779D+00 -0.281522420369963D+01
  0.814113540732043D+00 -0.282140207456483D+01
  0.820926166755033D+00 -0.282733301144249D+01
  0.827795801869515D+00 -0.283300016328409D+01
  0.834722923136245D+00 -0.283838622144343D+01
  0.841708011608094D+00 -0.284347343634803D+01
  0.848751552363458D+00 -0.284824363726946D+01
  0.855854034539942D+00 -0.285267825537783D+01
  0.863015951368330D+00 -0.285675835026247D+01
  0.870237800206835D+00 -0.286046464009535D+01
  0.877520082575640D+00 -0.286377753560655D+01
  0.884863304191724D+00 -0.286667717803068D+01
  0.892267975003985D+00 -0.286914348117080D+01
  0.899734609228649D+00 -0.287115617771045D+01
  0.907263725384982D+00 -0.287269486988603D+01
  0.914855846331299D+00 -0.287373908460948D+01
  0.922511499301272D+00 -0.287426833310590D+01
  0.930231215940545D+00 -0.287426217510174D+01
  0.938015532343654D+00 -0.287370028756612D+01
  0.945864989091255D+00 -0.287256253797152D+01
  0.953780131287666D+00 -0.287082906199936D+01
  0.961761508598720D+00 -0.286848034557195D+01
  0.969809675289938D+00 -0.286549731104385D+01
  0.977925190265019D+00 -0.286186140733429D+01
  0.986108617104653D+00 -0.285755470372716D+01
  0.994360524105660D+00 -0.285255998700661D+01
  0.100268148432045D+01 -0.284686086153559D+01
  0.101107207559684D+01 -0.284044185182125D+01
  0.101953288061813D+01 -0.283328850704632D+01
  0.102806448694364D+01 -0.282538750697935D+01
  0.103666748704945D+01 -0.281672676861061D+01
  0.104534247836960D+01 -0.280729555279478D+01
  0.105409006333750D+01 -0.279708457011711D+01
  0.106291084942787D+01 -0.278608608513848D+01
  0.107180544919883D+01 -0.277429401811651D+01
  0.108077448033449D+01 -0.276170404324728D+01
  0.108981856568786D+01 -0.274831368242462D+01
  0.109893833332404D+01 -0.273412239347510D+01
  0.110813441656389D+01 -0.271913165179517D+01
  0.111740745402801D+01 -0.270334502429634D+01
  0.112675808968105D+01 -0.268676823455397D+01
  0.113618697287647D+01 -0.266940921805749D+01
  0.114569475840162D+01 -0.265127816647541D+01
  0.115528210652320D+01 -0.263238755987784D+01
  0.116494968303313D+01 -0.261275218590354D+01
  0.117469815929476D+01 -0.259238914491842D+01
  0.118452821228955D+01 -0.257131784028711D+01
  0.119444052466400D+01 -0.254955995297053D+01
  0.120443578477714D+01 -0.252713939976825D+01
  0.121451468674825D+01 -0.250408227464529D+01
  0.122467793050514D+01 -0.248041677271826D+01
  0.123492622183270D+01 -0.245617309662316D+01
  0.124526027242197D+01 -0.243138334514693D+01
  0.125568079991948D+01 -0.240608138417397D+01
  0.126618852797718D+01 -0.238030270017689D+01
  0.127678418630261D+01 -0.235408423666459D+01
  0.128746851070965D+01 -0.232746421419031D+01
  0.129824224316957D+01 -0.230048193471388D+01
  0.130910613186255D+01 -0.227317757130625D+01
  0.132006093122968D+01 -0.224559194437825D+01
  0.133110740202531D+01 -0.221776628580935D+01
  0.134224631136992D+01 -0.218974199254590D+01
  0.135347843280335D+01 -0.216156037143217D+01
  0.136480454633854D+01 -0.213326237723474D+01
  0.137622543851572D+01 -0.210488834602268D+01
  0.138774190245698D+01 -0.207647772627820D+01
  0.139935473792139D+01 -0.204806881034051D+01
  0.141106475136053D+01 -0.201969846903701D+01
  0.142287275597448D+01 -0.199140189263951D+01
  0.143477957176830D+01 -0.196321234161160D+01
  0.144678602560899D+01 -0.193516091099683D+01
  0.145889295128290D+01 -0.190727631275380D+01
  0.147110118955360D+01 -0.187958468088730D+01
  0.148341158822034D+01 -0.185210940487292D+01
  0.149582500217686D+01 -0.182487099764506D+01
  0.150834229347078D+01 -0.179788700533208D+01
  0.152096433136348D+01 -0.177117196699783D+01
  0.153369199239042D+01 -0.174473743390164D+01
  0.154652616042209D+01 -0.171859205923490D+01
  0.155946772672530D+01 -0.169274177094406D+01
  0.157251759002514D+01 -0.166719004211571D+01
  0.158567665656736D+01 -0.164193827548452D+01
  0.159894584018131D+01 -0.161698632093317D+01
  0.161232606234341D+01 -0.159233313941080D+01
  0.162581825224113D+01 -0.156797742242783D+01
  0.163942334683753D+01 -0.154391778834896D+01
  0.165314229093631D+01 -0.152015278783900D+01
  0.166697603724743D+01 -0.149668090339630D+01
  0.168092554645329D+01 -0.147350054895007D+01
  0.169499178727539D+01 -0.145061007012181D+01
  0.170917573654169D+01 -0.142800774462189D+01
  0.172347837925434D+01 -0.140569178324714D+01
  0.173790070865819D+01 -0.138366033092084D+01
  0.175244372630967D+01 -0.136191146827299D+01
  0.176710844214642D+01 -0.134044321318672D+01
  0.178189587455736D+01 -0.131925352284583D+01
  0.179680705045348D+01 -0.129834029567629D+01
  0.181184300533909D+01 -0.127770137376452D+01
  0.182700478338376D+01 -0.125733454511490D+01
  0.184229343749485D+01 -0.123723754636401D+01
  0.185771002939059D+01 -0.121740806528983D+01
  0.187325562967383D+01 -0.119784374376991D+01
  0.188893131790640D+01 -0.117854218049917D+01
  0.190473818268405D+01 -0.115950093414945D+01
  0.192067732171209D+01 -0.114071752626750D+01
  0.193674984188157D+01 -0.112218944460842D+01
  0.195295685934618D+01 -0.110391414619398D+01
  0.196929949959977D+01 -0.108588906080097D+01
  0.198577889755447D+01 -0.106811159416570D+01
  0.200239619761954D+01 -0.105057913161555D+01
  0.201915255378083D+01 -0.103328904141040D+01
  0.203604912968093D+01 -0.101623867850395D+01
  0.205308709869994D+01 -0.999425388014844D+00
  0.207026764403700D+01 -0.982846509106111D+00
  0.208759195879246D+01 -0.966499378573737D+00
  0.210506124605068D+01 -0.950381334827460D+00
  0.212267671896363D+01 -0.934489721581458D+00
  0.214043960083512D+01 -0.918821891912432D+00
  0.215835112520575D+01 -0.903375212027280D+00
  0.217641253593859D+01 -0.888147065365709D+00
  0.219462508730552D+01 -0.873134856408552D+00
  0.221299004407438D+01 -0.858336014780096D+00
  0.223150868159675D+01 -0.843747999047269D+00
  0.225018228589660D+01 -0.829368300762510D+00
  0.226901215375948D+01 -0.815194448189207D+00
  0.228799959282269D+01 -0.801224010210884D+00
  0.230714592166600D+01 -0.787454599901783D+00
  0.232645246990329D+01 -0.773883878212382D+00
  0.234592057827484D+01 -0.760509557289566D+00
  0.236555159874042D+01 -0.747329403832675D+00
  0.238534689457325D+01 -0.734341242052814D+00
  0.240530784045460D+01 -0.721542956585601D+00
  0.242543582256929D+01 -0.708932494942981D+00
  0.244573223870195D+01 -0.696507870110027D+00
  0.246619849833406D+01 -0.684267160220106D+00
  0.248683602274190D+01 -0.672208518777833D+00
  0.250764624509517D+01 -0.660330157591850D+00
  0.252863061055656D+01 -0.648630372067643D+00
  0.254979057638210D+01 -0.637107516935927D+00
  0.257112761202238D+01 -0.625760028306706D+00
  0.259264319922456D+01 -0.614586403266388D+00
  0.261433883213527D+01 -0.603585215260707D+00
  0.263621601740442D+01 -0.592755099910819D+00
  0.265827627428977D+01 -0.582094761585899D+00
  0.268052113476247D+01 -0.571602964803332D+00
  0.270295214361344D+01 -0.561278534661303D+00
  0.272557085856064D+01 -0.551120350817318D+00
  0.274837885035726D+01 -0.541127344448104D+00
  0.277137770290078D+01 -0.531298492740710D+00
  0.279456901334298D+01 -0.521632814025569D+00
  0.281795439220085D+01 -0.512129361780886D+00
  0.284153546346843D+01 -0.502787218975712D+00
  0.286531386472959D+01 -0.493605491059134D+00
  0.288929124727175D+01 -0.484583299738091D+00
  0.291346927620057D+01 -0.475719775783801D+00
  0.293784963055554D+01 -0.467014051953683D+00
  0.296243400342662D+01 -0.458465255727833D+00
  0.298722410207181D+01 -0.450072502011300D+00
  0.301222164803570D+01 -0.441834885839823D+00
  0.303742837726903D+01 -0.433751475178916D+00
  0.306284604024923D+01 -0.425821303861048D+00
  0.308847640210202D+01 -0.418043364747457D+00
  0.311432124272391D+01 -0.410416603157514D+00
  0.314038235690591D+01 -0.402939910645551D+00
  0.316666155445808D+01 -0.395612119162729D+00
  0.319316066033526D+01 -0.388431995674143D+00
  0.321988151476378D+01 -0.381398237261064D+00
  0.324682597336926D+01 -0.374509466767873D+00
  0.327399590730551D+01 -0.367764228994345D+00
  0.330139320338440D+01 -0.361160987577478D+00
  0.332901976420695D+01 -0.354698122246560D+00
  0.335687750829544D+01 -0.348373927172014D+00
  0.338496837022661D+01 -0.342186609437750D+00
  0.341329430076606D+01 -0.336134288583642D+00
  0.344185726700368D+01 -0.330214996434344D+00
  0.347065925249028D+01 -0.324426677913100D+00
  0.349970225737530D+01 -0.318767192415075D+00
  0.352898829854576D+01 -0.313234315522652D+00
  0.355851940976629D+01 -0.307825741572462D+00
  0.358829764182037D+01 -0.302539086694036D+00
  0.361832506265275D+01 -0.297371892377507D+00
  0.364860375751305D+01 -0.292321629539342D+00
  0.367913582910058D+01 -0.287385703037611D+00
  0.370992339771036D+01 -0.282561456609937D+00
  0.374096860138037D+01 -0.277846178181637D+00
  0.377227359604000D+01 -0.273237105514550D+00
  0.380384055565980D+01 -0.268731432141808D+00
  0.383567167240242D+01 -0.264326313558311D+00
  0.386776915677488D+01 -0.260018873611741D+00
  0.390013523778204D+01 -0.255806211063865D+00
  0.393277216308143D+01 -0.251685406268583D+00
  0.396568219913930D+01 -0.247653527937363D+00
  0.399886763138806D+01 -0.243707639940873D+00
  0.403233076438495D+01 -0.239844808118909D+00
  0.406607392197210D+01 -0.236062107051533D+00
  0.410009944743789D+01 -0.232356626765625D+00
  0.413440970367972D+01 -0.228725479332044D+00
  0.416900707336806D+01 -0.225165805332596D+00
  0.420389395911192D+01 -0.221674780154770D+00
  0.423907278362574D+01 -0.218249620096630D+00
  0.427454598989757D+01 -0.214887588243937D+00
  0.431031604135876D+01 -0.211586000105715D+00
  0.434638542205505D+01 -0.208342228973928D+00
  0.438275663681904D+01 -0.205153710997307D+00
  0.441943221144414D+01 -0.202017949939084D+00
  0.445641469285999D+01 -0.198932521612460D+00
  0.449370664930935D+01 -0.195895077967758D+00
  0.453131067052639D+01 -0.192903350828452D+00
  0.456922936791658D+01 -0.189955155255057D+00
  0.460746537473804D+01 -0.187048392537336D+00
  0.464602134628439D+01 -0.184181052798068D+00
  0.468489996006915D+01 -0.181351217213420D+00
  0.472410391601167D+01 -0.178557059836733D+00
  0.476363593662465D+01 -0.175796849035269D+00
  0.480349876720319D+01 -0.173068948530730D+00
  0.484369517601543D+01 -0.170371818057559D+00
  0.488422795449481D+01 -0.167704013633465D+00
  0.492509991743389D+01 -0.165064187460648D+00
  0.496631390317986D+01 -0.162451087455790D+00
  0.500787277383163D+01 -0.159863556431572D+00
  0.504977941543858D+01 -0.157300530931010D+00
  0.509203673820101D+01 -0.154761039741270D+00
  0.513464767667218D+01 -0.152244202091378D+00
  0.517761518996219D+01 -0.149749225563615D+00
  0.522094226194338D+01 -0.147275403726039D+00
  0.526463190145762D+01 -0.144822113518048D+00
  0.530868714252520D+01 -0.142388812398950D+00
  0.535311104455557D+01 -0.139975035293416D+00
  0.539790669255977D+01 -0.137580391344681D+00
  0.544307719736471D+01 -0.135204560511325D+00
  0.548862569582914D+01 -0.132847290018598D+00
  0.553455535106154D+01 -0.130508390700677D+00
  0.558086935263977D+01 -0.128187733244853D+00
  0.562757091683253D+01 -0.125885244373629D+00
  0.567466328682279D+01 -0.123600902974649D+00
  0.572214973293293D+01 -0.121334736213730D+00
  0.577003355285192D+01 -0.119086815639148D+00
  0.581831807186426D+01 -0.116857253310810D+00
  0.586700664308096D+01 -0.114646197960241D+00
  0.591610264767237D+01 -0.112453831213129D+00
  0.596560949510297D+01 -0.110280363877344D+00
  0.601553062336818D+01 -0.108126032325964D+00
  0.606586949923308D+01 -0.105991094975103D+00
  0.611662961847318D+01 -0.103875828883449D+00
  0.616781450611714D+01 -0.101780526470066D+00
  0.621942771669163D+01 -0.997054923746712D-01
  0.627147283446812D+01 -0.976510404538153D-01
  0.632395347371182D+01 -0.956174909341666D-01
  0.637687327893265D+01 -0.936051677137210D-01
  0.643023592513836D+01 -0.916143958291458D-01
  0.648404511808971D+01 -0.896454990774383D-01
  0.653830459455784D+01 -0.876987978077986D-01
  0.659301812258375D+01 -0.857746068692586D-01
  0.664818950173999D+01 -0.838732337279418D-01
  0.670382256339450D+01 -0.819949767374784D-01
  0.675992117097670D+01 -0.801401235744919D-01
  0.681648922024578D+01 -0.783089498211356D-01
  0.687353063956122D+01 -0.765017177050660D-01
  0.693104939015562D+01 -0.747186749775868D-01
  0.698904946640977D+01 -0.729600539391650D-01
  0.704753489613007D+01 -0.712260705922400D-01
  0.710650974082818D+01 -0.695169239296417D-01
  0.716597809600313D+01 -0.678327953379923D-01
  0.722594409142572D+01 -0.661738481239511D-01
  0.728641189142527D+01 -0.645402271423103D-01
  0.734738569517887D+01 -0.629320585336805D-01
  0.740886973700294D+01 -0.613494495505882D-01
  0.747086828664733D+01 -0.597924884798836D-01
  0.753338564959179D+01 -0.582612446402455D-01
  0.759642616734497D+01 -0.567557684630308D-01
  0.765999421774594D+01 -0.552760916354111D-01
  0.772409421526821D+01 -0.538222273144505D-01
  0.778873061132623D+01 -0.523941703914098D-01
  0.785390789458461D+01 -0.509918978153594D-01
  0.791963059126976D+01 -0.496153689558982D-01
  0.798590326548426D+01 -0.482645260144576D-01
  0.805273051952378D+01 -0.469392944645874D-01
  0.812011699419671D+01 -0.456395835311461D-01
  0.818806736914643D+01 -0.443652866894018D-01
  0.825658636317628D+01 -0.431162821943875D-01
  0.832567873457727D+01 -0.418924336221652D-01
  0.839534928145852D+01 -0.406935904337719D-01
  0.846560284208044D+01 -0.395195885440740D-01
  0.853644429519077D+01 -0.383702509067896D-01
  0.860787856036332D+01 -0.372453880983644D-01
  0.867991059833966D+01 -0.361447989125078D-01
  0.875254541137360D+01 -0.350682709484601D-01
  0.882578804357856D+01 -0.340155812052745D-01
  0.889964358127789D+01 -0.329864966655985D-01
  0.897411715335806D+01 -0.319807748816572D-01
  0.904921393162482D+01 -0.309981645472694D-01
  0.912493913116240D+01 -0.300384060689860D-01
  0.920129801069566D+01 -0.291012321205436D-01
  0.927829587295524D+01 -0.281863681939804D-01
  0.935593806504586D+01 -0.272935331320043D-01
  0.943422997881761D+01 -0.264224396551475D-01
  0.951317705124042D+01 -0.255727948686431D-01
  0.959278476478159D+01 -0.247443007627413D-01
  0.967305864778656D+01 -0.239366546916925D-01
  0.975400427486280D+01 -0.231495498452584D-01
  0.983562726726694D+01 -0.223826756982340D-01
  0.991793329329514D+01 -0.216357184519860D-01
  0.100009280686767D+02 -0.209083614536783D-01
  0.100846173569712D+02 -0.202002856072922D-01
  0.101690069699682D+02 -0.195111697623246D-01
  0.102541027680914D+02 -0.188406910943250D-01
  0.103399106608056D+02 -0.181885254632902D-01
  0.104264366070267D+02 -0.175543477641798D-01
  0.105136866155356D+02 -0.169378322556638D-01
  0.106016667453958D+02 -0.163386528813978D-01
  0.106903831063739D+02 -0.157564835700829D-01
  0.107798418593639D+02 -0.151909985285575D-01
  0.108700492168153D+02 -0.146418725143360D-01
  0.109610114431640D+02 -0.141087811017980D-01
  0.110527348552680D+02 -0.135914009284996D-01
  0.111452258228454D+02 -0.130894099358706D-01
  0.112384907689174D+02 -0.126024875907374D-01
  0.113325361702537D+02 -0.121303151019614D-01
  0.114273685578227D+02 -0.116725756186940D-01
  0.115229945172452D+02 -0.112289544244315D-01
  0.116194206892511D+02 -0.107991391135106D-01
  0.117166537701411D+02 -0.103828197640783D-01
  0.118147005122516D+02 -0.997968909430057D-02
  0.119135677244235D+02 -0.958944261573207D-02
  0.120132622724752D+02 -0.921177877065912D-02
  0.121137910796793D+02 -0.884639906729344D-02
  0.122151611272432D+02 -0.849300819962735D-02
  0.123173794547945D+02 -0.815131416580731D-02
  0.124204531608691D+02 -0.782102837180055D-02
  0.125243894034047D+02 -0.750186573421057D-02
  0.126291954002378D+02 -0.719354476900658D-02
  0.127348784296045D+02 -0.689578767993890D-02
  0.128414458306468D+02 -0.660832043348286D-02
  0.129489050039213D+02 -0.633087283397467D-02
  0.130572634119139D+02 -0.606317858579677D-02
  0.131665285795575D+02 -0.580497535624694D-02
  0.132767080947550D+02 -0.555600482595949D-02
  0.133878096089057D+02 -0.531601274042990D-02
  0.134998408374374D+02 -0.508474894956153D-02
  0.136128095603414D+02 -0.486196744868005D-02
  0.137267236227133D+02 -0.464742640805391D-02
  0.138415909352977D+02 -0.444088820400564D-02
  0.139574194750375D+02 -0.424211944005119D-02
  0.140742172856278D+02 -0.405089096625312D-02
  0.141919924780746D+02 -0.386697790272478D-02
  0.143107532312581D+02 -0.369015960204262D-02
  0.144305077925005D+02 -0.352021985005653D-02
  0.145512644781389D+02 -0.335694647014099D-02
  0.146730316741028D+02 -0.320013167186590D-02
  0.147958178364963D+02 -0.304957200392621D-02
  0.149196314921858D+02 -0.290506830722196D-02
  0.150444812393914D+02 -0.276642566272073D-02
  0.151703757482847D+02 -0.263345333519972D-02
  0.152973237615905D+02 -0.250596482101344D-02
  0.154253340951941D+02 -0.238377782681928D-02
  0.155544156387534D+02 -0.226671424951058D-02
  0.156845773563164D+02 -0.215460014729354D-02
  0.158158282869436D+02 -0.204726571469508D-02
  0.159481775453355D+02 -0.194454524872116D-02
  0.160816343224663D+02 -0.184627711910634D-02
  0.162162078862212D+02 -0.175230372992773D-02
  0.163519075820407D+02 -0.166247148549819D-02
  0.164887428335693D+02 -0.157663074782372D-02
  0.166267231433101D+02 -0.149463579849317D-02
  0.167658580932844D+02 -0.141634479235617D-02
  0.169061573456975D+02 -0.134161971579033D-02
  0.170476306436093D+02 -0.127032633695494D-02
  0.171902878116114D+02 -0.120233416079210D-02
  0.173341387565087D+02 -0.113751637622629D-02
  0.174791934680082D+02 -0.107574980826424D-02
  0.176254620194119D+02 -0.101691486247226D-02
  0.177729545683169D+02 -0.960895474541144D-03
  0.179216813573207D+02 -0.907579052385245D-03
  0.180716527147321D+02 -0.856856423526301D-03
  0.182228790552891D+02 -0.808621775157254D-03
  0.183753708808816D+02 -0.762772599676880D-03
  0.185291387812811D+02 -0.719209633056236D-03
  0.186841934348758D+02 -0.677836798868714D-03
  0.188405456094122D+02 -0.638561145293789D-03
  0.189982061627432D+02 -0.601292787951271D-03
  0.191571860435814D+02 -0.565944845881813D-03
  0.193174962922605D+02 -0.532433383516822D-03
  0.194791480415009D+02 -0.500677345931283D-03
  0.196421525171836D+02 -0.470598500277290D-03
  0.198065210391293D+02 -0.442121370632791D-03
  0.199722650218847D+02 -0.415173179191635D-03
  0.201393959755153D+02 -0.389683781027738D-03
  0.203079255064045D+02 -0.365585605333484D-03
  0.204778653180596D+02 -0.342813590412370D-03
  0.206492272119247D+02 -0.321305125284213D-03
  0.208220230882003D+02 -0.300999985179698D-03
  0.209962649466693D+02 -0.281840273824897D-03
  0.211719648875309D+02 -0.263770359764373D-03
  0.213491351122405D+02 -0.246736819620828D-03
  0.215277879243571D+02 -0.230688375536248D-03
  0.217079357303977D+02 -0.215575839887089D-03
  0.218895910406992D+02 -0.201352053638882D-03
  0.220727664702865D+02 -0.187971834341773D-03
  0.222574747397493D+02 -0.175391909163991D-03
  0.224437286761249D+02 -0.163570893008099D-03
  0.226315412137894D+02 -0.152469136039701D-03
  0.228209253953555D+02 -0.142049040296738D-03
  0.230118943725786D+02 -0.132273585750037D-03
  0.232044614072700D+02 -0.123111156083315D-03
  0.233986398722179D+02 -0.114526147868316D-03
  0.235944432521159D+02 -0.106486789677207D-03
  0.237918851444995D+02 -0.989641293724398D-04
  0.239909792606908D+02 -0.919257483401184D-04
  0.241917394267500D+02 -0.853403438791269D-04
  0.243941795844359D+02 -0.791821959155743D-04
  0.245983137921743D+02 -0.734269167857827D-04
  0.248041562260337D+02 -0.680512940159464D-04
  0.250117211807105D+02 -0.630332437939474D-04
  0.252210230705209D+02 -0.583517716451042D-04
  0.254320764304025D+02 -0.539869277211723D-04
  0.256448959169236D+02 -0.499197693398296D-04
  0.258594963093005D+02 -0.461323181509211D-04
  0.260758925104247D+02 -0.426075245743981D-04
  0.262940995478969D+02 -0.393292268825530D-04
  0.265141325750715D+02 -0.362821175653839D-04
  0.267360068721081D+02 -0.334517043483856D-04
  0.269597378470333D+02 -0.308242784923980D-04
  0.271853410368101D+02 -0.283868777641545D-04
  0.274128321084175D+02 -0.261272566768292D-04
  0.276422268599379D+02 -0.240338513815711D-04
  0.278735412216547D+02 -0.220957518447326D-04
  0.281067912571580D+02 -0.203026686612564D-04
  0.283419931644609D+02 -0.186449071170944D-04
  0.285791632771235D+02 -0.171133358823990D-04
  0.288183180653880D+02 -0.156993629485194D-04
  0.290594741373217D+02 -0.143949061449903D-04
  0.293026482399712D+02 -0.131923708809706D-04
  0.295478572605246D+02 -0.120846224514618D-04
  0.297951182274846D+02 -0.110649655220001D-04
  0.300444483118510D+02 -0.101271181404492D-04
  0.302958648283134D+02 -0.926519290713900D-05
  0.305493852364530D+02 -0.847367263318628D-05
  0.308050271419555D+02 -0.774739310403841D-05
  0.310628082978339D+02 -0.708152032292329D-05
  0.313227466056610D+02 -0.647153482525680D-05
  0.315848601168124D+02 -0.591321042241902D-05
  0.318491670337208D+02 -0.540260002582880D-05
  0.321156857111394D+02 -0.493601587656806D-05
  0.323844346574168D+02 -0.451001687017585D-05
  0.326554325357822D+02 -0.412139027238031D-05
  0.329286981656416D+02 -0.376714058763832D-05
  0.332042505238848D+02 -0.344447284864972D-05
  0.334821087462028D+02 -0.315078311149431D-05
  0.337622921284174D+02 -0.288364343900018D-05
  0.340448201278203D+02 -0.264079414658893D-05
  0.343297123645250D+02 -0.242013059407586D-05
  0.346169886228292D+02 -0.221969726149018D-05
  0.349066688525885D+02 -0.203767636594656D-05
  0.351987731706019D+02 -0.187238369254643D-05
  0.354933218620089D+02 -0.172225884383027D-05
  0.357903353816981D+02 -0.158586250064426D-05
  0.360898343557278D+02 -0.146186784604924D-05
  0.363918395827580D+02 -0.134905868541344D-05
  0.366963720354955D+02 -0.124632139900534D-05
  0.370034528621497D+02 -0.115264325667697D-05
  0.373131033879012D+02 -0.106710427936253D-05
  0.376253451163834D+02 -0.988875233871065D-06
  0.379401997311750D+02 -0.917209044791814D-06
  0.382576890973064D+02 -0.851438294172046D-06
  0.385778352627779D+02 -0.790966194971078D-06
  0.389006604600906D+02 -0.735263774288146D-06
  0.392261871077909D+02 -0.683860715235136D-06
  0.395544378120267D+02 -0.636342609692787D-06
  0.398854353681177D+02 -0.592342083800331D-06
  0.402192027621384D+02 -0.551536520529509D-06
  0.405557631725142D+02 -0.513639818582036D-06
  0.408951399716309D+02 -0.478400862893836D-06
  0.412373567274584D+02 -0.445596113175683D-06
  0.415824372051865D+02 -0.415028937178202D-06
  0.419304053688762D+02 -0.386523068598462D-06
  0.422812853831229D+02 -0.359922784413441D-06
  0.426351016147353D+02 -0.335087148751298D-06
  0.429918786344274D+02 -0.311890982391393D-06
  0.433516412185244D+02 -0.290219606434803D-06
  0.437144143506836D+02 -0.269971077226276D-06
  0.440802232236296D+02 -0.251048833530941D-06
  0.444490932409031D+02 -0.233373359416798D-06
  0.448210500186260D+02 -0.216859352345809D-06
  0.451961193872795D+02 -0.201434061731926D-06
  0.455743273934982D+02 -0.187031120895706D-06
  0.459557003018790D+02 -0.173580742318012D-06
  0.463402645968049D+02 -0.161015631654676D-06
  0.467280469842844D+02 -0.149282452164063D-06
  0.471190743938056D+02 -0.138329720453374D-06
  0.475133739802070D+02 -0.128110636889028D-06
  0.479109731255627D+02 -0.118579690468164D-06
  0.483118994410843D+02 -0.109695568656748D-06
  0.487161807690382D+02 -0.101417830986758D-06
  0.491238451846790D+02 -0.937098717827591D-07
  0.495349209981995D+02 -0.865356409792790D-07
  0.499494367566963D+02 -0.798626416709053D-07
  0.503674212461525D+02 -0.736586834470078D-07
  0.507889034934369D+02 -0.678949031956970D-07
  0.512139127683194D+02 -0.625425412150291D-07
  0.516424785855036D+02 -0.575759775511737D-07
  0.520746307066769D+02 -0.529695244643071D-07
  0.525103991425770D+02 -0.487004733665528D-07
  0.529498141550758D+02 -0.447458996759524D-07
  0.533929062592816D+02 -0.410857169637496D-07
  0.538397062256572D+02 -0.376994916565496D-07
  0.542902450821577D+02 -0.345695022801226D-07
  0.547445541163848D+02 -0.316775623615059D-07
  0.552026648777595D+02 -0.290080835682310D-07
  0.556646091797133D+02 -0.265449054932316D-07
  0.561304191018972D+02 -0.242743618613524D-07
  0.566001269924097D+02 -0.221821166400206D-07
  0.570737654700430D+02 -0.202562327612010D-07
  0.575513674265484D+02 -0.184840138113362D-07
  0.580329660289205D+02 -0.168550749402365D-07
  0.585185947217001D+02 -0.153581900113279D-07
  0.590082872292972D+02 -0.139843642919997D-07
  0.595020775583327D+02 -0.127236865451090D-07
  0.600000000000002D+02 -0.115684035332144D-07
