#     Ultrasoft pseudopotential             : CU
#              by  GGA (PBE)  / scalar relativistic atomic calculation.
#
#     ---- valence electron configuration for constructing pp. ----
#      3D        4S        4P    
#     10.0000    0.5000    0.0000
#     ------------------------------
#C 1525 (0.1893644955E+01 )   : R_cut_local-V
#L  0.1200000000E+03          : 1 / logarithmic mesh
#Z  0.1100000000E+02          : core charge         
#  r [ bohr ]        local potential 
  0.577774851941877E-05 -0.100000000000000E+01
  0.582609759844562E-05 -0.100000000000000E+01
  0.587485126992485E-05 -0.100000000000000E+01
  0.592401291954770E-05 -0.100000000000000E+01
  0.597358596133735E-05 -0.100000000000000E+01
  0.602357383788609E-05 -0.100000000000000E+01
  0.607398002059432E-05 -0.100000000000000E+01
  0.612480800991165E-05 -0.100000000000000E+01
  0.617606133557998E-05 -0.100000000000000E+01
  0.622774355687864E-05 -0.100000000000000E+01
  0.627985826287155E-05 -0.100000000000000E+01
  0.633240907265645E-05 -0.100000000000000E+01
  0.638539963561626E-05 -0.100000000000000E+01
  0.643883363167247E-05 -0.100000000000000E+01
  0.649271477154073E-05 -0.100000000000000E+01
  0.654704679698853E-05 -0.100000000000000E+01
  0.660183348109501E-05 -0.100000000000000E+01
  0.665707862851303E-05 -0.100000000000000E+01
  0.671278607573337E-05 -0.100000000000000E+01
  0.676895969135114E-05 -0.100000000000000E+01
  0.682560337633444E-05 -0.100000000000000E+01
  0.688272106429527E-05 -0.100000000000000E+01
  0.694031672176269E-05 -0.100000000000000E+01
  0.699839434845829E-05 -0.100000000000000E+01
  0.705695797757393E-05 -0.100000000000000E+01
  0.711601167605182E-05 -0.100000000000000E+01
  0.717555954486700E-05 -0.100000000000000E+01
  0.723560571931204E-05 -0.100000000000000E+01
  0.729615436928432E-05 -0.100000000000000E+01
  0.735720969957552E-05 -0.100000000000000E+01
  0.741877595016367E-05 -0.100000000000000E+01
  0.748085739650759E-05 -0.100000000000000E+01
  0.754345834984377E-05 -0.100000000000000E+01
  0.760658315748580E-05 -0.100000000000000E+01
  0.767023620312625E-05 -0.100000000000000E+01
  0.773442190714108E-05 -0.100000000000000E+01
  0.779914472689664E-05 -0.100000000000000E+01
  0.786440915705922E-05 -0.100000000000000E+01
  0.793021972990714E-05 -0.100000000000000E+01
  0.799658101564550E-05 -0.100000000000000E+01
  0.806349762272360E-05 -0.100000000000000E+01
  0.813097419815494E-05 -0.100000000000000E+01
  0.819901542783992E-05 -0.100000000000000E+01
  0.826762603689129E-05 -0.100000000000000E+01
  0.833681078996225E-05 -0.100000000000000E+01
  0.840657449157735E-05 -0.100000000000000E+01
  0.847692198646610E-05 -0.100000000000000E+01
  0.854785815989951E-05 -0.100000000000000E+01
  0.861938793802921E-05 -0.100000000000000E+01
  0.869151628822968E-05 -0.100000000000000E+01
  0.876424821944309E-05 -0.100000000000000E+01
  0.883758878252723E-05 -0.100000000000000E+01
  0.891154307060625E-05 -0.100000000000000E+01
  0.898611621942430E-05 -0.100000000000000E+01
  0.906131340770225E-05 -0.100000000000000E+01
  0.913713985749728E-05 -0.100000000000000E+01
  0.921360083456555E-05 -0.100000000000000E+01
  0.929070164872786E-05 -0.100000000000000E+01
  0.936844765423839E-05 -0.100000000000000E+01
  0.944684425015656E-05 -0.100000000000000E+01
  0.952589688072191E-05 -0.100000000000000E+01
  0.960561103573224E-05 -0.100000000000000E+01
  0.968599225092478E-05 -0.100000000000000E+01
  0.976704610836067E-05 -0.100000000000000E+01
  0.984877823681259E-05 -0.100000000000000E+01
  0.993119431215563E-05 -0.100000000000000E+01
  0.100143000577615E-04 -0.100000000000000E+01
  0.100981012448959E-04 -0.100000000000000E+01
  0.101826036931194E-04 -0.100000000000000E+01
  0.102678132706915E-04 -0.100000000000000E+01
  0.103537358949783E-04 -0.100000000000000E+01
  0.104403775328632E-04 -0.100000000000000E+01
  0.105277442011614E-04 -0.100000000000000E+01
  0.106158419670378E-04 -0.100000000000000E+01
  0.107046769484282E-04 -0.100000000000000E+01
  0.107942553144641E-04 -0.100000000000000E+01
  0.108845832859016E-04 -0.100000000000000E+01
  0.109756671355527E-04 -0.100000000000000E+01
  0.110675131887213E-04 -0.100000000000000E+01
  0.111601278236424E-04 -0.100000000000000E+01
  0.112535174719252E-04 -0.100000000000000E+01
  0.113476886189995E-04 -0.100000000000000E+01
  0.114426478045660E-04 -0.100000000000000E+01
  0.115384016230508E-04 -0.100000000000000E+01
  0.116349567240631E-04 -0.100000000000000E+01
  0.117323198128571E-04 -0.100000000000000E+01
  0.118304976507976E-04 -0.100000000000000E+01
  0.119294970558293E-04 -0.100000000000000E+01
  0.120293249029508E-04 -0.100000000000000E+01
  0.121299881246915E-04 -0.100000000000000E+01
  0.122314937115934E-04 -0.100000000000000E+01
  0.123338487126965E-04 -0.100000000000000E+01
  0.124370602360279E-04 -0.100000000000000E+01
  0.125411354490962E-04 -0.100000000000000E+01
  0.126460815793885E-04 -0.100000000000000E+01
  0.127519059148726E-04 -0.100000000000000E+01
  0.128586158045033E-04 -0.100000000000000E+01
  0.129662186587324E-04 -0.100000000000000E+01
  0.130747219500237E-04 -0.100000000000000E+01
  0.131841332133716E-04 -0.100000000000000E+01
  0.132944600468243E-04 -0.100000000000000E+01
  0.134057101120120E-04 -0.100000000000000E+01
  0.135178911346782E-04 -0.100000000000000E+01
  0.136310109052169E-04 -0.100000000000000E+01
  0.137450772792131E-04 -0.100000000000000E+01
  0.138600981779887E-04 -0.100000000000000E+01
  0.139760815891523E-04 -0.100000000000000E+01
  0.140930355671540E-04 -0.100000000000000E+01
  0.142109682338449E-04 -0.100000000000000E+01
  0.143298877790409E-04 -0.100000000000000E+01
  0.144498024610916E-04 -0.100000000000000E+01
  0.145707206074535E-04 -0.100000000000000E+01
  0.146926506152689E-04 -0.100000000000000E+01
  0.148156009519483E-04 -0.100000000000000E+01
  0.149395801557590E-04 -0.100000000000000E+01
  0.150645968364177E-04 -0.100000000000000E+01
  0.151906596756887E-04 -0.100000000000000E+01
  0.153177774279864E-04 -0.100000000000000E+01
  0.154459589209836E-04 -0.100000000000000E+01
  0.155752130562244E-04 -0.100000000000000E+01
  0.157055488097423E-04 -0.100000000000000E+01
  0.158369752326837E-04 -0.100000000000000E+01
  0.159695014519363E-04 -0.100000000000000E+01
  0.161031366707632E-04 -0.100000000000000E+01
  0.162378901694414E-04 -0.100000000000000E+01
  0.163737713059071E-04 -0.100000000000000E+01
  0.165107895164049E-04 -0.100000000000000E+01
  0.166489543161433E-04 -0.100000000000000E+01
  0.167882752999556E-04 -0.100000000000000E+01
  0.169287621429662E-04 -0.100000000000000E+01
  0.170704246012622E-04 -0.100000000000000E+01
  0.172132725125713E-04 -0.100000000000000E+01
  0.173573157969447E-04 -0.100000000000000E+01
  0.175025644574463E-04 -0.100000000000000E+01
  0.176490285808469E-04 -0.100000000000000E+01
  0.177967183383250E-04 -0.100000000000000E+01
  0.179456439861731E-04 -0.100000000000000E+01
  0.180958158665101E-04 -0.100000000000000E+01
  0.182472444079990E-04 -0.100000000000000E+01
  0.183999401265716E-04 -0.100000000000000E+01
  0.185539136261587E-04 -0.100000000000000E+01
  0.187091755994262E-04 -0.100000000000000E+01
  0.188657368285180E-04 -0.100000000000000E+01
  0.190236081858047E-04 -0.100000000000000E+01
  0.191828006346384E-04 -0.100000000000000E+01
  0.193433252301141E-04 -0.100000000000000E+01
  0.195051931198379E-04 -0.100000000000000E+01
  0.196684155447003E-04 -0.100000000000000E+01
  0.198330038396577E-04 -0.100000000000000E+01
  0.199989694345188E-04 -0.100000000000000E+01
  0.201663238547390E-04 -0.100000000000000E+01
  0.203350787222201E-04 -0.100000000000000E+01
  0.205052457561181E-04 -0.100000000000000E+01
  0.206768367736564E-04 -0.100000000000000E+01
  0.208498636909469E-04 -0.100000000000000E+01
  0.210243385238172E-04 -0.100000000000000E+01
  0.212002733886454E-04 -0.100000000000000E+01
  0.213776805032011E-04 -0.100000000000000E+01
  0.215565721874940E-04 -0.100000000000000E+01
  0.217369608646298E-04 -0.100000000000000E+01
  0.219188590616724E-04 -0.100000000000000E+01
  0.221022794105140E-04 -0.100000000000000E+01
  0.222872346487527E-04 -0.100000000000000E+01
  0.224737376205766E-04 -0.100000000000000E+01
  0.226618012776558E-04 -0.100000000000000E+01
  0.228514386800421E-04 -0.100000000000000E+01
  0.230426629970759E-04 -0.100000000000000E+01
  0.232354875083003E-04 -0.100000000000000E+01
  0.234299256043840E-04 -0.100000000000000E+01
  0.236259907880506E-04 -0.100000000000000E+01
  0.238236966750168E-04 -0.100000000000000E+01
  0.240230569949374E-04 -0.100000000000000E+01
  0.242240855923592E-04 -0.100000000000000E+01
  0.244267964276823E-04 -0.100000000000000E+01
  0.246312035781294E-04 -0.100000000000000E+01
  0.248373212387238E-04 -0.100000000000000E+01
  0.250451637232747E-04 -0.100000000000000E+01
  0.252547454653715E-04 -0.100000000000000E+01
  0.254660810193861E-04 -0.100000000000000E+01
  0.256791850614835E-04 -0.100000000000000E+01
  0.258940723906412E-04 -0.100000000000000E+01
  0.261107579296767E-04 -0.100000000000000E+01
  0.263292567262841E-04 -0.100000000000000E+01
  0.265495839540785E-04 -0.100000000000000E+01
  0.267717549136507E-04 -0.100000000000000E+01
  0.269957850336286E-04 -0.100000000000000E+01
  0.272216898717495E-04 -0.100000000000000E+01
  0.274494851159402E-04 -0.100000000000000E+01
  0.276791865854065E-04 -0.100000000000000E+01
  0.279108102317315E-04 -0.100000000000000E+01
  0.281443721399838E-04 -0.100000000000000E+01
  0.283798885298342E-04 -0.100000000000000E+01
  0.286173757566822E-04 -0.100000000000000E+01
  0.288568503127918E-04 -0.100000000000000E+01
  0.290983288284368E-04 -0.100000000000000E+01
  0.293418280730555E-04 -0.100000000000000E+01
  0.295873649564156E-04 -0.100000000000000E+01
  0.298349565297881E-04 -0.100000000000000E+01
  0.300846199871320E-04 -0.100000000000000E+01
  0.303363726662875E-04 -0.100000000000000E+01
  0.305902320501808E-04 -0.100000000000000E+01
  0.308462157680378E-04 -0.100000000000000E+01
  0.311043415966085E-04 -0.100000000000000E+01
  0.313646274614014E-04 -0.100000000000000E+01
  0.316270914379283E-04 -0.100000000000000E+01
  0.318917517529597E-04 -0.100000000000000E+01
  0.321586267857906E-04 -0.100000000000000E+01
  0.324277350695166E-04 -0.100000000000000E+01
  0.326990952923210E-04 -0.100000000000000E+01
  0.329727262987730E-04 -0.100000000000000E+01
  0.332486470911356E-04 -0.100000000000000E+01
  0.335268768306859E-04 -0.100000000000000E+01
  0.338074348390454E-04 -0.100000000000000E+01
  0.340903405995219E-04 -0.100000000000000E+01
  0.343756137584624E-04 -0.100000000000000E+01
  0.346632741266177E-04 -0.100000000000000E+01
  0.349533416805176E-04 -0.100000000000000E+01
  0.352458365638591E-04 -0.100000000000000E+01
  0.355407790889043E-04 -0.100000000000000E+01
  0.358381897378915E-04 -0.100000000000000E+01
  0.361380891644575E-04 -0.100000000000000E+01
  0.364404981950720E-04 -0.100000000000000E+01
  0.367454378304836E-04 -0.100000000000000E+01
  0.370529292471783E-04 -0.100000000000000E+01
  0.373629937988505E-04 -0.100000000000000E+01
  0.376756530178852E-04 -0.100000000000000E+01
  0.379909286168538E-04 -0.100000000000000E+01
  0.383088424900219E-04 -0.100000000000000E+01
  0.386294167148695E-04 -0.100000000000000E+01
  0.389526735536244E-04 -0.100000000000000E+01
  0.392786354548082E-04 -0.100000000000000E+01
  0.396073250547948E-04 -0.100000000000000E+01
  0.399387651793832E-04 -0.100000000000000E+01
  0.402729788453817E-04 -0.100000000000000E+01
  0.406099892622072E-04 -0.100000000000000E+01
  0.409498198334961E-04 -0.100000000000000E+01
  0.412924941587304E-04 -0.100000000000000E+01
  0.416380360348757E-04 -0.100000000000000E+01
  0.419864694580347E-04 -0.100000000000000E+01
  0.423378186251129E-04 -0.100000000000000E+01
  0.426921079354991E-04 -0.100000000000000E+01
  0.430493619927601E-04 -0.100000000000000E+01
  0.434096056063490E-04 -0.100000000000000E+01
  0.437728637933282E-04 -0.100000000000000E+01
  0.441391617801066E-04 -0.100000000000000E+01
  0.445085250041917E-04 -0.100000000000000E+01
  0.448809791159557E-04 -0.100000000000000E+01
  0.452565499804173E-04 -0.100000000000000E+01
  0.456352636790374E-04 -0.100000000000000E+01
  0.460171465115305E-04 -0.100000000000000E+01
  0.464022249976914E-04 -0.100000000000000E+01
  0.467905258792363E-04 -0.100000000000000E+01
  0.471820761216602E-04 -0.100000000000000E+01
  0.475769029161096E-04 -0.100000000000000E+01
  0.479750336812706E-04 -0.100000000000000E+01
  0.483764960652728E-04 -0.100000000000000E+01
  0.487813179476100E-04 -0.100000000000000E+01
  0.491895274410755E-04 -0.100000000000000E+01
  0.496011528937148E-04 -0.100000000000000E+01
  0.500162228907942E-04 -0.100000000000000E+01
  0.504347662567860E-04 -0.100000000000000E+01
  0.508568120573698E-04 -0.100000000000000E+01
  0.512823896014514E-04 -0.100000000000000E+01
  0.517115284431979E-04 -0.100000000000000E+01
  0.521442583840903E-04 -0.100000000000000E+01
  0.525806094749928E-04 -0.100000000000000E+01
  0.530206120182399E-04 -0.100000000000000E+01
  0.534642965697405E-04 -0.100000000000000E+01
  0.539116939411002E-04 -0.100000000000000E+01
  0.543628352017606E-04 -0.100000000000000E+01
  0.548177516811573E-04 -0.100000000000000E+01
  0.552764749708953E-04 -0.100000000000000E+01
  0.557390369269429E-04 -0.100000000000000E+01
  0.562054696718441E-04 -0.100000000000000E+01
  0.566758055969491E-04 -0.100000000000000E+01
  0.571500773646640E-04 -0.100000000000000E+01
  0.576283179107189E-04 -0.100000000000000E+01
  0.581105604464550E-04 -0.100000000000000E+01
  0.585968384611309E-04 -0.100000000000000E+01
  0.590871857242489E-04 -0.100000000000000E+01
  0.595816362878991E-04 -0.100000000000000E+01
  0.600802244891250E-04 -0.100000000000000E+01
  0.605829849523076E-04 -0.100000000000000E+01
  0.610899525915699E-04 -0.100000000000000E+01
  0.616011626132019E-04 -0.100000000000000E+01
  0.621166505181049E-04 -0.100000000000000E+01
  0.626364521042572E-04 -0.100000000000000E+01
  0.631606034692001E-04 -0.100000000000000E+01
  0.636891410125445E-04 -0.100000000000000E+01
  0.642221014384991E-04 -0.100000000000000E+01
  0.647595217584185E-04 -0.100000000000000E+01
  0.653014392933745E-04 -0.100000000000000E+01
  0.658478916767468E-04 -0.100000000000000E+01
  0.663989168568373E-04 -0.100000000000000E+01
  0.669545530995049E-04 -0.100000000000000E+01
  0.675148389908232E-04 -0.100000000000000E+01
  0.680798134397597E-04 -0.100000000000000E+01
  0.686495156808782E-04 -0.100000000000000E+01
  0.692239852770633E-04 -0.100000000000000E+01
  0.698032621222678E-04 -0.100000000000000E+01
  0.703873864442833E-04 -0.100000000000000E+01
  0.709763988075334E-04 -0.100000000000000E+01
  0.715703401158913E-04 -0.100000000000000E+01
  0.721692516155198E-04 -0.100000000000000E+01
  0.727731748977361E-04 -0.100000000000000E+01
  0.733821519018995E-04 -0.100000000000000E+01
  0.739962249183246E-04 -0.100000000000000E+01
  0.746154365912176E-04 -0.100000000000000E+01
  0.752398299216380E-04 -0.100000000000000E+01
  0.758694482704847E-04 -0.100000000000000E+01
  0.765043353615072E-04 -0.100000000000000E+01
  0.771445352843418E-04 -0.100000000000000E+01
  0.777900924975740E-04 -0.100000000000000E+01
  0.784410518318250E-04 -0.100000000000000E+01
  0.790974584928660E-04 -0.100000000000000E+01
  0.797593580647565E-04 -0.100000000000000E+01
  0.804267965130107E-04 -0.100000000000000E+01
  0.810998201877889E-04 -0.100000000000000E+01
  0.817784758271169E-04 -0.100000000000000E+01
  0.824628105601312E-04 -0.100000000000000E+01
  0.831528719103523E-04 -0.100000000000000E+01
  0.838487077989845E-04 -0.100000000000000E+01
  0.845503665482441E-04 -0.100000000000000E+01
  0.852578968847153E-04 -0.100000000000000E+01
  0.859713479427334E-04 -0.100000000000000E+01
  0.866907692677976E-04 -0.100000000000000E+01
  0.874162108200112E-04 -0.100000000000000E+01
  0.881477229775513E-04 -0.100000000000000E+01
  0.888853565401673E-04 -0.100000000000000E+01
  0.896291627327086E-04 -0.100000000000000E+01
  0.903791932086820E-04 -0.100000000000000E+01
  0.911355000538385E-04 -0.100000000000000E+01
  0.918981357897908E-04 -0.100000000000000E+01
  0.926671533776604E-04 -0.100000000000000E+01
  0.934426062217555E-04 -0.100000000000000E+01
  0.942245481732797E-04 -0.100000000000000E+01
  0.950130335340716E-04 -0.100000000000000E+01
  0.958081170603760E-04 -0.100000000000000E+01
  0.966098539666461E-04 -0.100000000000000E+01
  0.974182999293783E-04 -0.100000000000000E+01
  0.982335110909780E-04 -0.100000000000000E+01
  0.990555440636593E-04 -0.100000000000000E+01
  0.998844559333755E-04 -0.100000000000000E+01
  0.100720304263784E-03 -0.100000000000000E+01
  0.101563147100244E-03 -0.100000000000000E+01
  0.102413042973846E-03 -0.100000000000000E+01
  0.103270050905479E-03 -0.100000000000000E+01
  0.104134230409927E-03 -0.100000000000000E+01
  0.105005641500002E-03 -0.100000000000000E+01
  0.105884344690715E-03 -0.100000000000000E+01
  0.106770401003473E-03 -0.100000000000000E+01
  0.107663871970320E-03 -0.100000000000000E+01
  0.108564819638211E-03 -0.100000000000000E+01
  0.109473306573317E-03 -0.100000000000000E+01
  0.110389395865375E-03 -0.100000000000000E+01
  0.111313151132065E-03 -0.100000000000000E+01
  0.112244636523428E-03 -0.100000000000000E+01
  0.113183916726326E-03 -0.100000000000000E+01
  0.114131056968927E-03 -0.100000000000000E+01
  0.115086123025240E-03 -0.100000000000000E+01
  0.116049181219680E-03 -0.100000000000000E+01
  0.117020298431676E-03 -0.100000000000000E+01
  0.117999542100313E-03 -0.100000000000000E+01
  0.118986980229017E-03 -0.100000000000000E+01
  0.119982681390278E-03 -0.100000000000000E+01
  0.120986714730410E-03 -0.100000000000000E+01
  0.121999149974353E-03 -0.100000000000000E+01
  0.123020057430517E-03 -0.100000000000000E+01
  0.124049507995665E-03 -0.100000000000000E+01
  0.125087573159831E-03 -0.100000000000000E+01
  0.126134325011293E-03 -0.100000000000000E+01
  0.127189836241571E-03 -0.100000000000000E+01
  0.128254180150481E-03 -0.100000000000000E+01
  0.129327430651221E-03 -0.100000000000000E+01
  0.130409662275509E-03 -0.100000000000000E+01
  0.131500950178752E-03 -0.100000000000000E+01
  0.132601370145272E-03 -0.100000000000000E+01
  0.133710998593563E-03 -0.100000000000000E+01
  0.134829912581604E-03 -0.100000000000000E+01
  0.135958189812204E-03 -0.100000000000000E+01
  0.137095908638401E-03 -0.100000000000000E+01
  0.138243148068906E-03 -0.100000000000000E+01
  0.139399987773583E-03 -0.100000000000000E+01
  0.140566508088989E-03 -0.100000000000000E+01
  0.141742790023947E-03 -0.100000000000000E+01
  0.142928915265175E-03 -0.100000000000000E+01
  0.144124966182959E-03 -0.100000000000000E+01
  0.145331025836872E-03 -0.100000000000000E+01
  0.146547177981539E-03 -0.100000000000000E+01
  0.147773507072460E-03 -0.100000000000000E+01
  0.149010098271871E-03 -0.100000000000000E+01
  0.150257037454657E-03 -0.100000000000000E+01
  0.151514411214317E-03 -0.100000000000000E+01
  0.152782306868980E-03 -0.100000000000000E+01
  0.154060812467465E-03 -0.100000000000000E+01
  0.155350016795395E-03 -0.100000000000000E+01
  0.156650009381369E-03 -0.100000000000000E+01
  0.157960880503170E-03 -0.100000000000000E+01
  0.159282721194043E-03 -0.100000000000000E+01
  0.160615623249011E-03 -0.100000000000000E+01
  0.161959679231253E-03 -0.100000000000000E+01
  0.163314982478529E-03 -0.100000000000000E+01
  0.164681627109666E-03 -0.100000000000000E+01
  0.166059708031090E-03 -0.100000000000000E+01
  0.167449320943418E-03 -0.100000000000000E+01
  0.168850562348106E-03 -0.100000000000000E+01
  0.170263529554148E-03 -0.100000000000000E+01
  0.171688320684835E-03 -0.100000000000000E+01
  0.173125034684566E-03 -0.100000000000000E+01
  0.174573771325726E-03 -0.100000000000000E+01
  0.176034631215608E-03 -0.100000000000000E+01
  0.177507715803402E-03 -0.100000000000000E+01
  0.178993127387241E-03 -0.100000000000000E+01
  0.180490969121304E-03 -0.100000000000000E+01
  0.182001345022981E-03 -0.100000000000000E+01
  0.183524359980094E-03 -0.100000000000000E+01
  0.185060119758181E-03 -0.100000000000000E+01
  0.186608731007846E-03 -0.100000000000000E+01
  0.188170301272158E-03 -0.100000000000000E+01
  0.189744938994125E-03 -0.100000000000000E+01
  0.191332753524220E-03 -0.100000000000000E+01
  0.192933855127981E-03 -0.100000000000000E+01
  0.194548354993662E-03 -0.100000000000000E+01
  0.196176365239957E-03 -0.100000000000000E+01
  0.197817998923789E-03 -0.100000000000000E+01
  0.199473370048155E-03 -0.100000000000000E+01
  0.201142593570051E-03 -0.100000000000000E+01
  0.202825785408446E-03 -0.100000000000000E+01
  0.204523062452339E-03 -0.100000000000000E+01
  0.206234542568873E-03 -0.100000000000000E+01
  0.207960344611522E-03 -0.100000000000000E+01
  0.209700588428345E-03 -0.100000000000000E+01
  0.211455394870304E-03 -0.100000000000000E+01
  0.213224885799665E-03 -0.100000000000000E+01
  0.215009184098452E-03 -0.100000000000000E+01
  0.216808413676987E-03 -0.100000000000000E+01
  0.218622699482491E-03 -0.100000000000000E+01
  0.220452167507763E-03 -0.100000000000000E+01
  0.222296944799930E-03 -0.100000000000000E+01
  0.224157159469266E-03 -0.100000000000000E+01
  0.226032940698094E-03 -0.100000000000000E+01
  0.227924418749753E-03 -0.100000000000000E+01
  0.229831724977644E-03 -0.100000000000000E+01
  0.231754991834357E-03 -0.100000000000000E+01
  0.233694352880863E-03 -0.100000000000000E+01
  0.235649942795791E-03 -0.100000000000000E+01
  0.237621897384782E-03 -0.100000000000000E+01
  0.239610353589920E-03 -0.100000000000000E+01
  0.241615449499241E-03 -0.100000000000000E+01
  0.243637324356322E-03 -0.100000000000000E+01
  0.245676118569950E-03 -0.100000000000000E+01
  0.247731973723878E-03 -0.100000000000000E+01
  0.249805032586651E-03 -0.100000000000000E+01
  0.251895439121523E-03 -0.100000000000000E+01
  0.254003338496453E-03 -0.100000000000000E+01
  0.256128877094191E-03 -0.100000000000000E+01
  0.258272202522438E-03 -0.100000000000000E+01
  0.260433463624098E-03 -0.100000000000000E+01
  0.262612810487617E-03 -0.100000000000000E+01
  0.264810394457403E-03 -0.100000000000000E+01
  0.267026368144337E-03 -0.100000000000000E+01
  0.269260885436370E-03 -0.100000000000000E+01
  0.271514101509214E-03 -0.100000000000000E+01
  0.273786172837111E-03 -0.100000000000000E+01
  0.276077257203706E-03 -0.100000000000000E+01
  0.278387513713002E-03 -0.100000000000000E+01
  0.280717102800405E-03 -0.100000000000000E+01
  0.283066186243872E-03 -0.100000000000001E+01
  0.285434927175142E-03 -0.100000000000001E+01
  0.287823490091065E-03 -0.100000000000001E+01
  0.290232040865026E-03 -0.100000000000001E+01
  0.292660746758463E-03 -0.100000000000001E+01
  0.295109776432483E-03 -0.100000000000001E+01
  0.297579299959575E-03 -0.100000000000001E+01
  0.300069488835423E-03 -0.100000000000001E+01
  0.302580515990808E-03 -0.100000000000001E+01
  0.305112555803627E-03 -0.100000000000001E+01
  0.307665784110995E-03 -0.100000000000001E+01
  0.310240378221459E-03 -0.100000000000001E+01
  0.312836516927312E-03 -0.100000000000001E+01
  0.315454380517008E-03 -0.100000000000001E+01
  0.318094150787680E-03 -0.100000000000001E+01
  0.320756011057770E-03 -0.100000000000001E+01
  0.323440146179755E-03 -0.100000000000001E+01
  0.326146742552986E-03 -0.100000000000001E+01
  0.328875988136632E-03 -0.100000000000001E+01
  0.331628072462734E-03 -0.100000000000001E+01
  0.334403186649365E-03 -0.100000000000001E+01
  0.337201523413902E-03 -0.100000000000001E+01
  0.340023277086412E-03 -0.100000000000001E+01
  0.342868643623147E-03 -0.100000000000001E+01
  0.345737820620146E-03 -0.100000000000001E+01
  0.348631007326966E-03 -0.100000000000001E+01
  0.351548404660514E-03 -0.100000000000001E+01
  0.354490215218998E-03 -0.100000000000001E+01
  0.357456643296002E-03 -0.100000000000001E+01
  0.360447894894666E-03 -0.100000000000001E+01
  0.363464177741998E-03 -0.100000000000001E+01
  0.366505701303298E-03 -0.100000000000001E+01
  0.369572676796701E-03 -0.100000000000001E+01
  0.372665317207849E-03 -0.100000000000002E+01
  0.375783837304681E-03 -0.100000000000002E+01
  0.378928453652345E-03 -0.100000000000002E+01
  0.382099384628240E-03 -0.100000000000002E+01
  0.385296850437181E-03 -0.100000000000002E+01
  0.388521073126690E-03 -0.100000000000002E+01
  0.391772276602414E-03 -0.100000000000002E+01
  0.395050686643681E-03 -0.100000000000002E+01
  0.398356530919172E-03 -0.100000000000002E+01
  0.401690039002734E-03 -0.100000000000002E+01
  0.405051442389325E-03 -0.100000000000002E+01
  0.408440974511084E-03 -0.100000000000002E+01
  0.411858870753551E-03 -0.100000000000002E+01
  0.415305368472004E-03 -0.100000000000002E+01
  0.418780707007948E-03 -0.100000000000002E+01
  0.422285127705733E-03 -0.100000000000002E+01
  0.425818873929315E-03 -0.100000000000003E+01
  0.429382191079160E-03 -0.100000000000003E+01
  0.432975326609277E-03 -0.100000000000003E+01
  0.436598530044413E-03 -0.100000000000003E+01
  0.440252052997372E-03 -0.100000000000003E+01
  0.443936149186495E-03 -0.100000000000003E+01
  0.447651074453275E-03 -0.100000000000003E+01
  0.451397086780128E-03 -0.100000000000003E+01
  0.455174446308302E-03 -0.100000000000003E+01
  0.458983415355950E-03 -0.100000000000003E+01
  0.462824258436343E-03 -0.100000000000004E+01
  0.466697242276237E-03 -0.100000000000004E+01
  0.470602635834400E-03 -0.100000000000004E+01
  0.474540710320288E-03 -0.100000000000004E+01
  0.478511739212878E-03 -0.100000000000004E+01
  0.482515998279662E-03 -0.100000000000004E+01
  0.486553765595794E-03 -0.100000000000004E+01
  0.490625321563406E-03 -0.100000000000005E+01
  0.494730948931077E-03 -0.100000000000005E+01
  0.498870932813467E-03 -0.100000000000005E+01
  0.503045560711121E-03 -0.100000000000005E+01
  0.507255122530432E-03 -0.100000000000005E+01
  0.511499910603774E-03 -0.100000000000005E+01
  0.515780219709802E-03 -0.100000000000006E+01
  0.520096347093924E-03 -0.100000000000006E+01
  0.524448592488943E-03 -0.100000000000006E+01
  0.528837258135872E-03 -0.100000000000006E+01
  0.533262648804922E-03 -0.100000000000006E+01
  0.537725071816668E-03 -0.100000000000007E+01
  0.542224837063390E-03 -0.100000000000007E+01
  0.546762257030595E-03 -0.100000000000007E+01
  0.551337646818714E-03 -0.100000000000007E+01
  0.555951324164989E-03 -0.100000000000007E+01
  0.560603609465533E-03 -0.100000000000008E+01
  0.565294825797585E-03 -0.100000000000008E+01
  0.570025298941941E-03 -0.100000000000008E+01
  0.574795357405583E-03 -0.100000000000009E+01
  0.579605332444487E-03 -0.100000000000009E+01
  0.584455558086630E-03 -0.100000000000009E+01
  0.589346371155187E-03 -0.100000000000009E+01
  0.594278111291920E-03 -0.100000000000010E+01
  0.599251120980765E-03 -0.100000000000010E+01
  0.604265745571616E-03 -0.100000000000010E+01
  0.609322333304305E-03 -0.100000000000011E+01
  0.614421235332793E-03 -0.100000000000011E+01
  0.619562805749545E-03 -0.100000000000012E+01
  0.624747401610130E-03 -0.100000000000012E+01
  0.629975382958011E-03 -0.100000000000012E+01
  0.635247112849548E-03 -0.100000000000013E+01
  0.640562957379214E-03 -0.100000000000013E+01
  0.645923285705016E-03 -0.100000000000014E+01
  0.651328470074130E-03 -0.100000000000014E+01
  0.656778885848754E-03 -0.100000000000015E+01
  0.662274911532174E-03 -0.100000000000015E+01
  0.667816928795048E-03 -0.100000000000016E+01
  0.673405322501915E-03 -0.100000000000016E+01
  0.679040480737916E-03 -0.100000000000017E+01
  0.684722794835749E-03 -0.100000000000017E+01
  0.690452659402843E-03 -0.100000000000018E+01
  0.696230472348763E-03 -0.100000000000018E+01
  0.702056634912840E-03 -0.100000000000019E+01
  0.707931551692039E-03 -0.100000000000020E+01
  0.713855630669052E-03 -0.100000000000020E+01
  0.719829283240633E-03 -0.100000000000021E+01
  0.725852924246169E-03 -0.100000000000022E+01
  0.731926971996481E-03 -0.100000000000022E+01
  0.738051848302883E-03 -0.100000000000023E+01
  0.744227978506470E-03 -0.100000000000024E+01
  0.750455791507652E-03 -0.100000000000025E+01
  0.756735719795948E-03 -0.100000000000026E+01
  0.763068199480013E-03 -0.100000000000027E+01
  0.769453670317924E-03 -0.100000000000027E+01
  0.775892575747723E-03 -0.100000000000028E+01
  0.782385362918208E-03 -0.100000000000029E+01
  0.788932482719987E-03 -0.100000000000030E+01
  0.795534389816786E-03 -0.100000000000031E+01
  0.802191542677032E-03 -0.100000000000032E+01
  0.808904403605680E-03 -0.100000000000033E+01
  0.815673438776327E-03 -0.100000000000035E+01
  0.822499118263578E-03 -0.100000000000036E+01
  0.829381916075699E-03 -0.100000000000037E+01
  0.836322310187525E-03 -0.100000000000038E+01
  0.843320782573658E-03 -0.100000000000040E+01
  0.850377819241937E-03 -0.100000000000041E+01
  0.857493910267191E-03 -0.100000000000042E+01
  0.864669549825265E-03 -0.100000000000044E+01
  0.871905236227348E-03 -0.100000000000045E+01
  0.879201471954568E-03 -0.100000000000047E+01
  0.886558763692896E-03 -0.100000000000048E+01
  0.893977622368324E-03 -0.100000000000050E+01
  0.901458563182354E-03 -0.100000000000052E+01
  0.909002105647770E-03 -0.100000000000053E+01
  0.916608773624720E-03 -0.100000000000055E+01
  0.924279095357093E-03 -0.100000000000057E+01
  0.932013603509203E-03 -0.100000000000059E+01
  0.939812835202779E-03 -0.100000000000061E+01
  0.947677332054268E-03 -0.100000000000063E+01
  0.955607640212446E-03 -0.100000000000065E+01
  0.963604310396343E-03 -0.100000000000067E+01
  0.971667897933492E-03 -0.100000000000070E+01
  0.979798962798489E-03 -0.100000000000072E+01
  0.987998069651886E-03 -0.100000000000075E+01
  0.996265787879396E-03 -0.100000000000077E+01
  0.100460269163144E-02 -0.100000000000080E+01
  0.101300935986303E-02 -0.100000000000082E+01
  0.102148637637393E-02 -0.100000000000085E+01
  0.103003432984926E-02 -0.100000000000088E+01
  0.103865381390033E-02 -0.100000000000091E+01
  0.104734542710590E-02 -0.100000000000094E+01
  0.105610977305369E-02 -0.100000000000097E+01
  0.106494746038238E-02 -0.100000000000101E+01
  0.107385910282379E-02 -0.100000000000104E+01
  0.108284531924557E-02 -0.100000000000108E+01
  0.109190673369414E-02 -0.100000000000111E+01
  0.110104397543803E-02 -0.100000000000115E+01
  0.111025767901159E-02 -0.100000000000119E+01
  0.111954848425905E-02 -0.100000000000123E+01
  0.112891703637894E-02 -0.100000000000127E+01
  0.113836398596894E-02 -0.100000000000131E+01
  0.114788998907100E-02 -0.100000000000136E+01
  0.115749570721696E-02 -0.100000000000140E+01
  0.116718180747441E-02 -0.100000000000145E+01
  0.117694896249312E-02 -0.100000000000150E+01
  0.118679785055166E-02 -0.100000000000155E+01
  0.119672915560455E-02 -0.100000000000160E+01
  0.120674356732974E-02 -0.100000000000166E+01
  0.121684178117651E-02 -0.100000000000171E+01
  0.122702449841378E-02 -0.100000000000177E+01
  0.123729242617877E-02 -0.100000000000183E+01
  0.124764627752615E-02 -0.100000000000189E+01
  0.125808677147755E-02 -0.100000000000196E+01
  0.126861463307145E-02 -0.100000000000203E+01
  0.127923059341358E-02 -0.100000000000209E+01
  0.128993538972769E-02 -0.100000000000217E+01
  0.130072976540671E-02 -0.100000000000224E+01
  0.131161447006439E-02 -0.100000000000231E+01
  0.132259025958737E-02 -0.100000000000239E+01
  0.133365789618769E-02 -0.100000000000247E+01
  0.134481814845565E-02 -0.100000000000256E+01
  0.135607179141326E-02 -0.100000000000264E+01
  0.136741960656804E-02 -0.100000000000273E+01
  0.137886238196724E-02 -0.100000000000283E+01
  0.139040091225267E-02 -0.100000000000292E+01
  0.140203599871577E-02 -0.100000000000302E+01
  0.141376844935335E-02 -0.100000000000312E+01
  0.142559907892362E-02 -0.100000000000323E+01
  0.143752870900285E-02 -0.100000000000334E+01
  0.144955816804236E-02 -0.100000000000345E+01
  0.146168829142609E-02 -0.100000000000357E+01
  0.147391992152859E-02 -0.100000000000369E+01
  0.148625390777352E-02 -0.100000000000382E+01
  0.149869110669269E-02 -0.100000000000395E+01
  0.151123238198544E-02 -0.100000000000408E+01
  0.152387860457871E-02 -0.100000000000422E+01
  0.153663065268750E-02 -0.100000000000436E+01
  0.154948941187582E-02 -0.100000000000451E+01
  0.156245577511822E-02 -0.100000000000466E+01
  0.157553064286182E-02 -0.100000000000482E+01
  0.158871492308878E-02 -0.100000000000498E+01
  0.160200953137943E-02 -0.100000000000515E+01
  0.161541539097580E-02 -0.100000000000533E+01
  0.162893343284573E-02 -0.100000000000551E+01
  0.164256459574759E-02 -0.100000000000569E+01
  0.165630982629537E-02 -0.100000000000589E+01
  0.167017007902450E-02 -0.100000000000609E+01
  0.168414631645810E-02 -0.100000000000629E+01
  0.169823950917383E-02 -0.100000000000650E+01
  0.171245063587130E-02 -0.100000000000673E+01
  0.172678068344001E-02 -0.100000000000695E+01
  0.174123064702791E-02 -0.100000000000719E+01
  0.175580153011051E-02 -0.100000000000743E+01
  0.177049434456055E-02 -0.100000000000768E+01
  0.178531011071825E-02 -0.100000000000794E+01
  0.180024985746224E-02 -0.100000000000821E+01
  0.181531462228092E-02 -0.100000000000849E+01
  0.183050545134457E-02 -0.100000000000878E+01
  0.184582339957798E-02 -0.100000000000908E+01
  0.186126953073371E-02 -0.100000000000939E+01
  0.187684491746598E-02 -0.100000000000970E+01
  0.189255064140511E-02 -0.100000000001003E+01
  0.190838779323269E-02 -0.100000000001037E+01
  0.192435747275729E-02 -0.100000000001072E+01
  0.194046078899086E-02 -0.100000000001109E+01
  0.195669886022572E-02 -0.100000000001146E+01
  0.197307281411223E-02 -0.100000000001185E+01
  0.198958378773709E-02 -0.100000000001225E+01
  0.200623292770235E-02 -0.100000000001267E+01
  0.202302139020495E-02 -0.100000000001310E+01
  0.203995034111711E-02 -0.100000000001354E+01
  0.205702095606721E-02 -0.100000000001400E+01
  0.207423442052149E-02 -0.100000000001448E+01
  0.209159192986634E-02 -0.100000000001497E+01
  0.210909468949133E-02 -0.100000000001547E+01
  0.212674391487291E-02 -0.100000000001600E+01
  0.214454083165883E-02 -0.100000000001654E+01
  0.216248667575323E-02 -0.100000000001710E+01
  0.218058269340251E-02 -0.100000000001768E+01
  0.219883014128183E-02 -0.100000000001828E+01
  0.221723028658240E-02 -0.100000000001890E+01
  0.223578440709948E-02 -0.100000000001954E+01
  0.225449379132113E-02 -0.100000000002020E+01
  0.227335973851765E-02 -0.100000000002089E+01
  0.229238355883184E-02 -0.100000000002160E+01
  0.231156657337000E-02 -0.100000000002233E+01
  0.233091011429360E-02 -0.100000000002309E+01
  0.235041552491189E-02 -0.100000000002387E+01
  0.237008415977510E-02 -0.100000000002468E+01
  0.238991738476856E-02 -0.100000000002551E+01
  0.240991657720752E-02 -0.100000000002638E+01
  0.243008312593285E-02 -0.100000000002727E+01
  0.245041843140740E-02 -0.100000000002820E+01
  0.247092390581335E-02 -0.100000000002915E+01
  0.249160097315022E-02 -0.100000000003014E+01
  0.251245106933376E-02 -0.100000000003116E+01
  0.253347564229571E-02 -0.100000000003222E+01
  0.255467615208430E-02 -0.100000000003331E+01
  0.257605407096568E-02 -0.100000000003444E+01
  0.259761088352613E-02 -0.100000000003561E+01
  0.261934808677520E-02 -0.100000000003681E+01
  0.264126719024962E-02 -0.100000000003806E+01
  0.266336971611816E-02 -0.100000000003935E+01
  0.268565719928735E-02 -0.100000000004069E+01
  0.270813118750801E-02 -0.100000000004206E+01
  0.273079324148281E-02 -0.100000000004349E+01
  0.275364493497460E-02 -0.100000000004496E+01
  0.277668785491574E-02 -0.100000000004649E+01
  0.279992360151824E-02 -0.100000000004806E+01
  0.282335378838497E-02 -0.100000000004969E+01
  0.284698004262165E-02 -0.100000000005138E+01
  0.287080400494987E-02 -0.100000000005312E+01
  0.289482732982104E-02 -0.100000000005492E+01
  0.291905168553126E-02 -0.100000000005678E+01
  0.294347875433719E-02 -0.100000000005871E+01
  0.296811023257287E-02 -0.100000000006070E+01
  0.299294783076752E-02 -0.100000000006275E+01
  0.301799327376433E-02 -0.100000000006488E+01
  0.304324830084024E-02 -0.100000000006708E+01
  0.306871466582673E-02 -0.100000000006935E+01
  0.309439413723159E-02 -0.100000000007170E+01
  0.312028849836178E-02 -0.100000000007413E+01
  0.314639954744721E-02 -0.100000000007665E+01
  0.317272909776569E-02 -0.100000000007924E+01
  0.319927897776879E-02 -0.100000000008193E+01
  0.322605103120885E-02 -0.100000000008471E+01
  0.325304711726700E-02 -0.100000000008758E+01
  0.328026911068228E-02 -0.100000000009055E+01
  0.330771890188186E-02 -0.100000000009362E+01
  0.333539839711226E-02 -0.100000000009679E+01
  0.336330951857177E-02 -0.100000000010007E+01
  0.339145420454393E-02 -0.100000000010346E+01
  0.341983440953214E-02 -0.100000000010697E+01
  0.344845210439537E-02 -0.100000000011059E+01
  0.347730927648504E-02 -0.100000000011434E+01
  0.350640792978303E-02 -0.100000000011822E+01
  0.353575008504086E-02 -0.100000000012222E+01
  0.356533777991997E-02 -0.100000000012637E+01
  0.359517306913331E-02 -0.100000000013065E+01
  0.362525802458793E-02 -0.100000000013508E+01
  0.365559473552895E-02 -0.100000000013966E+01
  0.368618530868460E-02 -0.100000000014439E+01
  0.371703186841252E-02 -0.100000000014929E+01
  0.374813655684733E-02 -0.100000000015435E+01
  0.377950153404933E-02 -0.100000000015958E+01
  0.381112897815453E-02 -0.100000000016499E+01
  0.384302108552594E-02 -0.100000000017058E+01
  0.387518007090605E-02 -0.100000000017636E+01
  0.390760816757066E-02 -0.100000000018234E+01
  0.394030762748395E-02 -0.100000000018852E+01
  0.397328072145490E-02 -0.100000000019491E+01
  0.400652973929495E-02 -0.100000000020151E+01
  0.404005698997703E-02 -0.100000000020834E+01
  0.407386480179592E-02 -0.100000000021541E+01
  0.410795552252991E-02 -0.100000000022271E+01
  0.414233151960386E-02 -0.100000000023026E+01
  0.417699518025361E-02 -0.100000000023806E+01
  0.421194891169175E-02 -0.100000000024613E+01
  0.424719514127478E-02 -0.100000000025447E+01
  0.428273631667169E-02 -0.100000000026310E+01
  0.431857490603396E-02 -0.100000000027202E+01
  0.435471339816692E-02 -0.100000000028124E+01
  0.439115430270259E-02 -0.100000000029077E+01
  0.442790015027399E-02 -0.100000000030062E+01
  0.446495349269086E-02 -0.100000000031081E+01
  0.450231690311687E-02 -0.100000000032135E+01
  0.453999297624831E-02 -0.100000000033224E+01
  0.457798432849430E-02 -0.100000000034350E+01
  0.461629359815844E-02 -0.100000000035515E+01
  0.465492344562210E-02 -0.100000000036718E+01
  0.469387655352908E-02 -0.100000000037963E+01
  0.473315562697197E-02 -0.100000000039250E+01
  0.477276339368001E-02 -0.100000000040580E+01
  0.481270260420846E-02 -0.100000000041955E+01
  0.485297603212965E-02 -0.100000000043378E+01
  0.489358647422560E-02 -0.100000000044848E+01
  0.493453675068223E-02 -0.100000000046368E+01
  0.497582970528518E-02 -0.100000000047940E+01
  0.501746820561734E-02 -0.100000000049564E+01
  0.505945514325797E-02 -0.100000000051244E+01
  0.510179343398350E-02 -0.100000000052981E+01
  0.514448601797003E-02 -0.100000000054777E+01
  0.518753585999749E-02 -0.100000000056634E+01
  0.523094594965554E-02 -0.100000000058553E+01
  0.527471930155118E-02 -0.100000000060538E+01
  0.531885895551812E-02 -0.100000000062590E+01
  0.536336797682784E-02 -0.100000000064712E+01
  0.540824945640248E-02 -0.100000000066905E+01
  0.545350651102950E-02 -0.100000000069173E+01
  0.549914228357810E-02 -0.100000000071517E+01
  0.554515994321749E-02 -0.100000000073941E+01
  0.559156268563697E-02 -0.100000000076448E+01
  0.563835373326786E-02 -0.100000000079039E+01
  0.568553633550728E-02 -0.100000000081718E+01
  0.573311376894377E-02 -0.100000000084488E+01
  0.578108933758490E-02 -0.100000000087351E+01
  0.582946637308666E-02 -0.100000000090312E+01
  0.587824823498484E-02 -0.100000000093373E+01
  0.592743831092836E-02 -0.100000000096538E+01
  0.597704001691446E-02 -0.100000000099810E+01
  0.602705679752600E-02 -0.100000000103193E+01
  0.607749212617062E-02 -0.100000000106691E+01
  0.612834950532198E-02 -0.100000000110308E+01
  0.617963246676295E-02 -0.100000000114046E+01
  0.623134457183090E-02 -0.100000000117912E+01
  0.628348941166503E-02 -0.100000000121909E+01
  0.633607060745573E-02 -0.100000000126041E+01
  0.638909181069605E-02 -0.100000000130313E+01
  0.644255670343530E-02 -0.100000000134730E+01
  0.649646899853476E-02 -0.100000000139297E+01
  0.655083243992546E-02 -0.100000000144018E+01
  0.660565080286824E-02 -0.100000000148899E+01
  0.666092789421588E-02 -0.100000000153946E+01
  0.671666755267751E-02 -0.100000000159164E+01
  0.677287364908514E-02 -0.100000000164559E+01
  0.682955008666249E-02 -0.100000000170137E+01
  0.688670080129606E-02 -0.100000000175904E+01
  0.694432976180846E-02 -0.100000000181866E+01
  0.700244097023397E-02 -0.100000000188030E+01
  0.706103846209655E-02 -0.100000000194404E+01
  0.712012630669002E-02 -0.100000000200993E+01
  0.717970860736065E-02 -0.100000000207806E+01
  0.723978950179216E-02 -0.100000000214849E+01
  0.730037316229303E-02 -0.100000000222132E+01
  0.736146379608626E-02 -0.100000000229661E+01
  0.742306564560152E-02 -0.100000000237445E+01
  0.748518298876978E-02 -0.100000000245493E+01
  0.754782013932040E-02 -0.100000000253814E+01
  0.761098144708067E-02 -0.100000000262417E+01
  0.767467129827790E-02 -0.100000000271312E+01
  0.773889411584401E-02 -0.100000000280508E+01
  0.780365435972271E-02 -0.100000000290016E+01
  0.786895652717918E-02 -0.100000000299846E+01
  0.793480515311240E-02 -0.100000000310009E+01
  0.800120481037008E-02 -0.100000000320517E+01
  0.806816011006621E-02 -0.100000000331381E+01
  0.813567570190130E-02 -0.100000000342613E+01
  0.820375627448524E-02 -0.100000000354226E+01
  0.827240655566293E-02 -0.100000000366232E+01
  0.834163131284260E-02 -0.100000000378646E+01
  0.841143535332687E-02 -0.100000000391480E+01
  0.848182352464661E-02 -0.100000000404749E+01
  0.855280071489756E-02 -0.100000000418468E+01
  0.862437185307978E-02 -0.100000000432652E+01
  0.869654190943998E-02 -0.100000000447316E+01
  0.876931589581661E-02 -0.100000000462478E+01
  0.884269886598799E-02 -0.100000000478154E+01
  0.891669591602320E-02 -0.100000000494361E+01
  0.899131218463600E-02 -0.100000000511117E+01
  0.906655285354171E-02 -0.100000000528441E+01
  0.914242314781701E-02 -0.100000000546353E+01
  0.921892833626283E-02 -0.100000000564871E+01
  0.929607373177022E-02 -0.100000000584018E+01
  0.937386469168932E-02 -0.100000000603813E+01
  0.945230661820139E-02 -0.100000000624279E+01
  0.953140495869396E-02 -0.100000000645439E+01
  0.961116520613913E-02 -0.100000000667316E+01
  0.969159289947502E-02 -0.100000000689935E+01
  0.977269362399044E-02 -0.100000000713320E+01
  0.985447301171274E-02 -0.100000000737498E+01
  0.993693674179893E-02 -0.100000000762495E+01
  0.100200905409301E-01 -0.100000000788340E+01
  0.101039401837090E-01 -0.100000000815060E+01
  0.101884914930612E-01 -0.100000000842687E+01
  0.102737503406394E-01 -0.100000000871249E+01
  0.103597226472312E-01 -0.100000000900780E+01
  0.104464143831702E-01 -0.100000000931312E+01
  0.105338315687506E-01 -0.100000000962879E+01
  0.106219802746455E-01 -0.100000000995515E+01
  0.107108666223282E-01 -0.100000001029258E+01
  0.108004967844975E-01 -0.100000001064145E+01
  0.108908769855063E-01 -0.100000001100214E+01
  0.109820135017936E-01 -0.100000001137505E+01
  0.110739126623208E-01 -0.100000001176061E+01
  0.111665808490111E-01 -0.100000001215923E+01
  0.112600244971924E-01 -0.100000001257136E+01
  0.113542500960445E-01 -0.100000001299747E+01
  0.114492641890496E-01 -0.100000001343801E+01
  0.115450733744468E-01 -0.100000001389349E+01
  0.116416843056903E-01 -0.100000001436441E+01
  0.117391036919114E-01 -0.100000001485129E+01
  0.118373382983843E-01 -0.100000001535467E+01
  0.119363949469962E-01 -0.100000001587511E+01
  0.120362805167209E-01 -0.100000001641319E+01
  0.121370019440964E-01 -0.100000001696951E+01
  0.122385662237066E-01 -0.100000001754469E+01
  0.123409804086675E-01 -0.100000001813936E+01
  0.124442516111164E-01 -0.100000001875419E+01
  0.125483870027060E-01 -0.100000001938986E+01
  0.126533938151026E-01 -0.100000002004707E+01
  0.127592793404881E-01 -0.100000002072656E+01
  0.128660509320666E-01 -0.100000002142908E+01
  0.129737160045749E-01 -0.100000002215541E+01
  0.130822820347974E-01 -0.100000002290636E+01
  0.131917565620854E-01 -0.100000002368276E+01
  0.133021471888805E-01 -0.100000002448548E+01
  0.134134615812429E-01 -0.100000002531541E+01
  0.135257074693835E-01 -0.100000002617346E+01
  0.136388926482007E-01 -0.100000002706060E+01
  0.137530249778219E-01 -0.100000002797781E+01
  0.138681123841491E-01 -0.100000002892611E+01
  0.139841628594096E-01 -0.100000002990655E+01
  0.141011844627109E-01 -0.100000003092022E+01
  0.142191853206001E-01 -0.100000003196824E+01
  0.143381736276288E-01 -0.100000003305179E+01
  0.144581576469216E-01 -0.100000003417207E+01
  0.145791457107503E-01 -0.100000003533032E+01
  0.147011462211124E-01 -0.100000003652782E+01
  0.148241676503146E-01 -0.100000003776592E+01
  0.149482185415612E-01 -0.100000003904597E+01
  0.150733075095471E-01 -0.100000004036942E+01
  0.151994432410567E-01 -0.100000004173772E+01
  0.153266344955663E-01 -0.100000004315240E+01
  0.154548901058531E-01 -0.100000004461502E+01
  0.155842189786083E-01 -0.100000004612723E+01
  0.157146300950554E-01 -0.100000004769068E+01
  0.158461325115746E-01 -0.100000004930713E+01
  0.159787353603308E-01 -0.100000005097837E+01
  0.161124478499086E-01 -0.100000005270625E+01
  0.162472792659512E-01 -0.100000005449270E+01
  0.163832389718056E-01 -0.100000005633970E+01
  0.165203364091726E-01 -0.100000005824930E+01
  0.166585810987628E-01 -0.100000006022362E+01
  0.167979826409573E-01 -0.100000006226486E+01
  0.169385507164749E-01 -0.100000006437529E+01
  0.170802950870439E-01 -0.100000006655724E+01
  0.172232255960804E-01 -0.100000006881316E+01
  0.173673521693716E-01 -0.100000007114553E+01
  0.175126848157653E-01 -0.100000007355696E+01
  0.176592336278646E-01 -0.100000007605012E+01
  0.178070087827295E-01 -0.100000007862778E+01
  0.179560205425827E-01 -0.100000008129281E+01
  0.181062792555231E-01 -0.100000008404817E+01
  0.182577953562438E-01 -0.100000008689692E+01
  0.184105793667573E-01 -0.100000008984222E+01
  0.185646418971256E-01 -0.100000009288735E+01
  0.187199936461975E-01 -0.100000009603569E+01
  0.188766454023513E-01 -0.100000009929074E+01
  0.190346080442442E-01 -0.100000010265611E+01
  0.191938925415675E-01 -0.100000010613555E+01
  0.193545099558088E-01 -0.100000010973292E+01
  0.195164714410195E-01 -0.100000011345222E+01
  0.196797882445903E-01 -0.100000011729758E+01
  0.198444717080313E-01 -0.100000012127327E+01
  0.200105332677605E-01 -0.100000012538371E+01
  0.201779844558973E-01 -0.100000012963347E+01
  0.203468369010638E-01 -0.100000013402727E+01
  0.205171023291920E-01 -0.100000013856999E+01
  0.206887925643384E-01 -0.100000014326667E+01
  0.208619195295051E-01 -0.100000014812255E+01
  0.210364952474675E-01 -0.100000015314300E+01
  0.212125318416095E-01 -0.100000015833362E+01
  0.213900415367654E-01 -0.100000016370016E+01
  0.215690366600687E-01 -0.100000016924859E+01
  0.217495296418082E-01 -0.100000017498508E+01
  0.219315330162912E-01 -0.100000018091599E+01
  0.221150594227142E-01 -0.100000018704792E+01
  0.223001216060402E-01 -0.100000019338769E+01
  0.224867324178841E-01 -0.100000019994232E+01
  0.226749048174051E-01 -0.100000020671912E+01
  0.228646518722065E-01 -0.100000021372559E+01
  0.230559867592434E-01 -0.100000022096954E+01
  0.232489227657377E-01 -0.100000022845901E+01
  0.234434732901005E-01 -0.100000023620232E+01
  0.236396518428633E-01 -0.100000024420807E+01
  0.238374720476154E-01 -0.100000025248516E+01
  0.240369476419506E-01 -0.100000026104279E+01
  0.242380924784209E-01 -0.100000026989045E+01
  0.244409205254985E-01 -0.100000027903799E+01
  0.246454458685460E-01 -0.100000028849556E+01
  0.248516827107944E-01 -0.100000029827367E+01
  0.250596453743295E-01 -0.100000030838319E+01
  0.252693483010865E-01 -0.100000031883535E+01
  0.254808060538530E-01 -0.100000032964176E+01
  0.256940333172801E-01 -0.100000034081442E+01
  0.259090448989023E-01 -0.100000035236575E+01
  0.261258557301659E-01 -0.100000036430859E+01
  0.263444808674658E-01 -0.100000037665619E+01
  0.265649354931909E-01 -0.100000038942229E+01
  0.267872349167789E-01 -0.100000040262105E+01
  0.270113945757792E-01 -0.100000041626715E+01
  0.272374300369247E-01 -0.100000043037575E+01
  0.274653569972134E-01 -0.100000044496252E+01
  0.276951912849979E-01 -0.100000046004366E+01
  0.279269488610851E-01 -0.100000047563594E+01
  0.281606458198443E-01 -0.100000049175666E+01
  0.283962983903248E-01 -0.100000050842375E+01
  0.286339229373831E-01 -0.100000052565572E+01
  0.288735359628194E-01 -0.100000054347171E+01
  0.291151541065235E-01 -0.100000056189151E+01
  0.293587941476301E-01 -0.100000058093559E+01
  0.296044730056846E-01 -0.100000060062511E+01
  0.298522077418174E-01 -0.100000062098194E+01
  0.301020155599293E-01 -0.100000064202869E+01
  0.303539138078857E-01 -0.100000066378874E+01
  0.306079199787218E-01 -0.100000068628628E+01
  0.308640517118571E-01 -0.100000070954628E+01
  0.311223267943205E-01 -0.100000073359460E+01
  0.313827631619853E-01 -0.100000075845794E+01
  0.316453789008150E-01 -0.100000078416393E+01
  0.319101922481194E-01 -0.100000081074112E+01
  0.321772215938205E-01 -0.100000083821904E+01
  0.324464854817304E-01 -0.100000086662821E+01
  0.327180026108382E-01 -0.100000089600020E+01
  0.329917918366093E-01 -0.100000092636762E+01
  0.332678721722945E-01 -0.100000095776422E+01
  0.335462627902502E-01 -0.100000099022487E+01
  0.338269830232700E-01 -0.100000102378563E+01
  0.341100523659274E-01 -0.100000105848377E+01
  0.343954904759295E-01 -0.100000109435786E+01
  0.346833171754819E-01 -0.100000113144772E+01
  0.349735524526655E-01 -0.100000116979458E+01
  0.352662164628245E-01 -0.100000120944101E+01
  0.355613295299662E-01 -0.100000125043107E+01
  0.358589121481721E-01 -0.100000129281028E+01
  0.361589849830215E-01 -0.100000133662571E+01
  0.364615688730262E-01 -0.100000138192605E+01
  0.367666848310780E-01 -0.100000142876160E+01
  0.370743540459077E-01 -0.100000147718439E+01
  0.373845978835566E-01 -0.100000152724821E+01
  0.376974378888605E-01 -0.100000157900866E+01
  0.380128957869452E-01 -0.100000163252325E+01
  0.383309934847362E-01 -0.100000168785140E+01
  0.386517530724791E-01 -0.100000174505458E+01
  0.389751968252743E-01 -0.100000180419633E+01
  0.393013472046234E-01 -0.100000186534233E+01
  0.396302268599894E-01 -0.100000192856049E+01
  0.399618586303694E-01 -0.100000199392105E+01
  0.402962655458809E-01 -0.100000206149658E+01
  0.406334708293605E-01 -0.100000213136215E+01
  0.409734978979774E-01 -0.100000220359536E+01
  0.413163703648592E-01 -0.100000227827643E+01
  0.416621120407316E-01 -0.100000235548831E+01
  0.420107469355722E-01 -0.100000243531676E+01
  0.423622992602776E-01 -0.100000251785042E+01
  0.427167934283450E-01 -0.100000260318098E+01
  0.430742540575675E-01 -0.100000269140320E+01
  0.434347059717434E-01 -0.100000278261506E+01
  0.437981742024007E-01 -0.100000287691787E+01
  0.441646839905347E-01 -0.100000297441634E+01
  0.445342607883613E-01 -0.100000307521877E+01
  0.449069302610844E-01 -0.100000317943711E+01
  0.452827182886784E-01 -0.100000328718709E+01
  0.456616509676850E-01 -0.100000339858837E+01
  0.460437546130259E-01 -0.100000351376467E+01
  0.464290557598300E-01 -0.100000363284391E+01
  0.468175811652763E-01 -0.100000375595831E+01
  0.472093578104519E-01 -0.100000388324460E+01
  0.476044129022255E-01 -0.100000401484412E+01
  0.480027738751375E-01 -0.100000415090303E+01
  0.484044683933043E-01 -0.100000429157240E+01
  0.488095243523401E-01 -0.100000443700844E+01
  0.492179698812935E-01 -0.100000458737266E+01
  0.496298333446017E-01 -0.100000474283202E+01
  0.500451433440596E-01 -0.100000490355915E+01
  0.504639287208062E-01 -0.100000506973252E+01
  0.508862185573277E-01 -0.100000524153664E+01
  0.513120421794768E-01 -0.100000541916230E+01
  0.517414291585096E-01 -0.100000560280670E+01
  0.521744093131388E-01 -0.100000579267377E+01
  0.526110127116048E-01 -0.100000598897432E+01
  0.530512696737635E-01 -0.100000619192631E+01
  0.534952107731918E-01 -0.100000640175508E+01
  0.539428668393114E-01 -0.100000661869359E+01
  0.543942689595288E-01 -0.100000684298271E+01
  0.548494484813949E-01 -0.100000707487146E+01
  0.553084370147818E-01 -0.100000731461729E+01
  0.557712664340774E-01 -0.100000756248637E+01
  0.562379688803999E-01 -0.100000781875390E+01
  0.567085767638287E-01 -0.100000808370438E+01
  0.571831227656562E-01 -0.100000835763194E+01
  0.576616398406563E-01 -0.100000864084070E+01
  0.581441612193739E-01 -0.100000893364505E+01
  0.586307204104320E-01 -0.100000923637005E+01
  0.591213512028587E-01 -0.100000954935176E+01
  0.596160876684342E-01 -0.100000987293760E+01
  0.601149641640561E-01 -0.100001020748678E+01
  0.606180153341262E-01 -0.100001055337067E+01
  0.611252761129555E-01 -0.100001091097322E+01
  0.616367817271909E-01 -0.100001128069135E+01
  0.621525676982613E-01 -0.100001166293546E+01
  0.626726698448440E-01 -0.100001205812983E+01
  0.631971242853527E-01 -0.100001246671309E+01
  0.637259674404455E-01 -0.100001288913876E+01
  0.642592360355539E-01 -0.100001332587568E+01
  0.647969671034337E-01 -0.100001377740858E+01
  0.653391979867362E-01 -0.100001424423860E+01
  0.658859663406017E-01 -0.100001472688384E+01
  0.664373101352746E-01 -0.100001522587996E+01
  0.669932676587399E-01 -0.100001574178074E+01
  0.675538775193825E-01 -0.100001627515870E+01
  0.681191786486680E-01 -0.100001682660576E+01
  0.686892103038463E-01 -0.100001739673387E+01
  0.692640120706782E-01 -0.100001798617571E+01
  0.698436238661841E-01 -0.100001859558535E+01
  0.704280859414160E-01 -0.100001922563903E+01
  0.710174388842529E-01 -0.100001987703587E+01
  0.716117236222194E-01 -0.100002055049864E+01
  0.722109814253278E-01 -0.100002124677461E+01
  0.728152539089441E-01 -0.100002196663631E+01
  0.734245830366780E-01 -0.100002271088244E+01
  0.740390111232972E-01 -0.100002348033872E+01
  0.746585808376659E-01 -0.100002427585883E+01
  0.752833352057074E-01 -0.100002509832533E+01
  0.759133176133931E-01 -0.100002594865067E+01
  0.765485718097542E-01 -0.100002682777816E+01
  0.771891419099209E-01 -0.100002773668304E+01
  0.778350723981854E-01 -0.100002867637357E+01
  0.784864081310910E-01 -0.100002964789210E+01
  0.791431943405478E-01 -0.100003065231629E+01
  0.798054766369731E-01 -0.100003169076024E+01
  0.804733010124591E-01 -0.100003276437576E+01
  0.811467138439671E-01 -0.100003387435364E+01
  0.818257618965475E-01 -0.100003502192494E+01
  0.825104923265882E-01 -0.100003620836240E+01
  0.832009526850885E-01 -0.100003743498182E+01
  0.838971909209619E-01 -0.100003870314349E+01
  0.845992553843657E-01 -0.100004001425376E+01
  0.853071948300588E-01 -0.100004136976654E+01
  0.860210584207870E-01 -0.100004277118493E+01
  0.867408957306979E-01 -0.100004422006287E+01
  0.874667567487827E-01 -0.100004571800688E+01
  0.881986918823482E-01 -0.100004726667782E+01
  0.889367519605174E-01 -0.100004886779272E+01
  0.896809882377590E-01 -0.100005052312672E+01
  0.904314523974468E-01 -0.100005223451497E+01
  0.911881965554492E-01 -0.100005400385470E+01
  0.919512732637478E-01 -0.100005583310731E+01
  0.927207355140874E-01 -0.100005772430053E+01
  0.934966367416557E-01 -0.100005967953068E+01
  0.942790308287942E-01 -0.100006170096495E+01
  0.950679721087402E-01 -0.100006379084383E+01
  0.958635153693994E-01 -0.100006595148357E+01
  0.966657158571515E-01 -0.100006818527875E+01
  0.974746292806860E-01 -0.100007049470491E+01
  0.982903118148712E-01 -0.100007288232128E+01
  0.991128201046555E-01 -0.100007535077364E+01
  0.999422112690006E-01 -0.100007790279720E+01
  0.100778542904848E+00 -0.100008054121965E+01
  0.101621873091121E+00 -0.100008326896426E+01
  0.102472260392753E+00 -0.100008608905313E+01
  0.103329763864761E+00 -0.100008900461050E+01
  0.104194443056341E+00 -0.100009201886624E+01
  0.105066358015006E+00 -0.100009513515936E+01
  0.105945569290758E+00 -0.100009835694173E+01
  0.106832137940288E+00 -0.100010168778187E+01
  0.107726125531219E+00 -0.100010513136893E+01
  0.108627594146383E+00 -0.100010869151668E+01
  0.109536606388129E+00 -0.100011237216780E+01
  0.110453225382672E+00 -0.100011617739817E+01
  0.111377514784477E+00 -0.100012011142139E+01
  0.112309538780681E+00 -0.100012417859343E+01
  0.113249362095546E+00 -0.100012838341741E+01
  0.114197049994958E+00 -0.100013273054857E+01
  0.115152668290957E+00 -0.100013722479942E+01
  0.116116283346309E+00 -0.100014187114504E+01
  0.117087962079114E+00 -0.100014667472851E+01
  0.118067771967452E+00 -0.100015164086667E+01
  0.119055781054070E+00 -0.100015677505588E+01
  0.120052057951107E+00 -0.100016208297813E+01
  0.121056671844859E+00 -0.100016757050730E+01
  0.122069692500584E+00 -0.100017324371557E+01
  0.123091190267345E+00 -0.100017910888020E+01
  0.124121236082898E+00 -0.100018517249033E+01
  0.125159901478616E+00 -0.100019144125421E+01
  0.126207258584458E+00 -0.100019792210652E+01
  0.127263380133978E+00 -0.100020462221605E+01
  0.128328339469373E+00 -0.100021154899355E+01
  0.129402210546582E+00 -0.100021871009989E+01
  0.130485067940415E+00 -0.100022611345446E+01
  0.131576986849740E+00 -0.100023376724395E+01
  0.132678043102696E+00 -0.100024167993126E+01
  0.133788313161965E+00 -0.100024986026485E+01
  0.134907874130082E+00 -0.100025831728834E+01
  0.136036803754786E+00 -0.100026706035046E+01
  0.137175180434421E+00 -0.100027609911529E+01
  0.138323083223380E+00 -0.100028544357290E+01
  0.139480591837596E+00 -0.100029510405031E+01
  0.140647786660078E+00 -0.100030509122281E+01
  0.141824748746490E+00 -0.100031541612570E+01
  0.143011559830784E+00 -0.100032609016641E+01
  0.144208302330872E+00 -0.100033712513695E+01
  0.145415059354355E+00 -0.100034853322694E+01
  0.146631914704287E+00 -0.100036032703689E+01
  0.147858952885002E+00 -0.100037251959206E+01
  0.149096259107977E+00 -0.100038512435675E+01
  0.150343919297753E+00 -0.100039815524902E+01
  0.151602020097901E+00 -0.100041162665595E+01
  0.152870648877037E+00 -0.100042555344942E+01
  0.154149893734891E+00 -0.100043995100237E+01
  0.155439843508426E+00 -0.100045483520566E+01
  0.156740587778007E+00 -0.100047022248542E+01
  0.158052216873618E+00 -0.100048612982110E+01
  0.159374821881141E+00 -0.100050257476397E+01
  0.160708494648677E+00 -0.100051957545636E+01
  0.162053327792927E+00 -0.100053715065149E+01
  0.163409414705621E+00 -0.100055531973399E+01
  0.164776849560008E+00 -0.100057410274105E+01
  0.166155727317389E+00 -0.100059352038435E+01
  0.167546143733720E+00 -0.100061359407267E+01
  0.168948195366255E+00 -0.100063434593527E+01
  0.170361979580253E+00 -0.100065579884605E+01
  0.171787594555743E+00 -0.100067797644853E+01
  0.173225139294336E+00 -0.100070090318164E+01
  0.174674713626108E+00 -0.100072460430637E+01
  0.176136418216523E+00 -0.100074910593334E+01
  0.177610354573434E+00 -0.100077443505125E+01
  0.179096625054123E+00 -0.100080061955631E+01
  0.180595332872416E+00 -0.100082768828260E+01
  0.182106582105847E+00 -0.100085567103352E+01
  0.183630477702886E+00 -0.100088459861424E+01
  0.185167125490230E+00 -0.100091450286518E+01
  0.186716632180148E+00 -0.100094541669671E+01
  0.188279105377893E+00 -0.100097737412495E+01
  0.189854653589177E+00 -0.100101041030872E+01
  0.191443386227704E+00 -0.100104456158779E+01
  0.193045413622766E+00 -0.100107986552239E+01
  0.194660847026911E+00 -0.100111636093395E+01
  0.196289798623663E+00 -0.100115408794732E+01
  0.197932381535315E+00 -0.100119308803430E+01
  0.199588709830785E+00 -0.100123340405864E+01
  0.201258898533537E+00 -0.100127508032254E+01
  0.202943063629569E+00 -0.100131816261470E+01
  0.204641322075466E+00 -0.100136269825994E+01
  0.206353791806527E+00 -0.100140873617046E+01
  0.208080591744948E+00 -0.100145632689885E+01
  0.209821841808085E+00 -0.100150552269281E+01
  0.211577662916782E+00 -0.100155637755168E+01
  0.213348177003766E+00 -0.100160894728484E+01
  0.215133507022115E+00 -0.100166328957212E+01
  0.216933776953798E+00 -0.100171946402608E+01
  0.218749111818283E+00 -0.100177753225643E+01
  0.220579637681223E+00 -0.100183755793661E+01
  0.222425481663203E+00 -0.100189960687245E+01
  0.224286771948575E+00 -0.100196374707324E+01
  0.226163637794358E+00 -0.100203004882503E+01
  0.228056209539211E+00 -0.100209858476643E+01
  0.229964618612488E+00 -0.100216942996687E+01
  0.231888997543365E+00 -0.100224266200746E+01
  0.233829479970040E+00 -0.100231836106448E+01
  0.235786200649018E+00 -0.100239660999567E+01
  0.237759295464464E+00 -0.100247749442934E+01
  0.239748901437646E+00 -0.100256110285642E+01
  0.241755156736445E+00 -0.100264752672552E+01
  0.243778200684951E+00 -0.100273686054114E+01
  0.245818173773140E+00 -0.100282920196512E+01
  0.247875217666630E+00 -0.100292465192137E+01
  0.249949475216519E+00 -0.100302331470412E+01
  0.252041090469302E+00 -0.100312529808967E+01
  0.254150208676880E+00 -0.100323071345182E+01
  0.256276976306642E+00 -0.100333967588108E+01
  0.258421541051641E+00 -0.100345230430786E+01
  0.260584051840844E+00 -0.100356872162956E+01
  0.262764658849481E+00 -0.100368905484197E+01
  0.264963513509472E+00 -0.100381343517491E+01
  0.267180768519939E+00 -0.100394199823228E+01
  0.269416577857816E+00 -0.100407488413673E+01
  0.271671096788540E+00 -0.100421223767911E+01
  0.273944481876831E+00 -0.100435420847271E+01
  0.276236890997566E+00 -0.100450095111257E+01
  0.278548483346746E+00 -0.100465262534010E+01
  0.280879419452545E+00 -0.100480939621286E+01
  0.283229861186463E+00 -0.100497143428013E+01
  0.285599971774566E+00 -0.100513891576401E+01
  0.287989915808818E+00 -0.100531202274649E+01
  0.290399859258516E+00 -0.100549094336269E+01
  0.292829969481812E+00 -0.100567587200024E+01
  0.295280415237338E+00 -0.100586700950530E+01
  0.297751366695922E+00 -0.100606456339521E+01
  0.300242995452409E+00 -0.100626874807800E+01
  0.302755474537575E+00 -0.100647978507918E+01
  0.305288978430143E+00 -0.100669790327574E+01
  0.307843683068902E+00 -0.100692333913788E+01
  0.310419765864924E+00 -0.100715633697844E+01
  0.313017405713882E+00 -0.100739714921056E+01
  0.315636783008476E+00 -0.100764603661360E+01
  0.318278079650960E+00 -0.100790326860767E+01
  0.320941479065773E+00 -0.100816912353711E+01
  0.323627166212278E+00 -0.100844388896308E+01
  0.326335327597607E+00 -0.100872786196561E+01
  0.329066151289611E+00 -0.100902134945544E+01
  0.331819826929922E+00 -0.100932466849590E+01
  0.334596545747120E+00 -0.100963814663518E+01
  0.337396500570018E+00 -0.100996212224932E+01
  0.340219885841048E+00 -0.101029694489624E+01
  0.343066897629766E+00 -0.101064297568116E+01
  0.345937733646468E+00 -0.101100058763377E+01
  0.348832593255921E+00 -0.101137016609758E+01
  0.351751677491205E+00 -0.101175210913168E+01
  0.354695189067677E+00 -0.101214682792547E+01
  0.357663332397044E+00 -0.101255474722666E+01
  0.360656313601565E+00 -0.101297630578297E+01
  0.363674340528360E+00 -0.101341195679800E+01
  0.366717622763844E+00 -0.101386216840164E+01
  0.369786371648285E+00 -0.101432742413556E+01
  0.372880800290478E+00 -0.101480822345413E+01
  0.376001123582543E+00 -0.101530508224136E+01
  0.379147558214853E+00 -0.101581853334431E+01
  0.382320322691076E+00 -0.101634912712343E+01
  0.385519637343356E+00 -0.101689743202042E+01
  0.388745724347605E+00 -0.101746403514412E+01
  0.391998807738940E+00 -0.101804954287494E+01
  0.395279113427237E+00 -0.101865458148843E+01
  0.398586869212821E+00 -0.101927979779863E+01
  0.401922304802283E+00 -0.101992585982160E+01
  0.405285651824437E+00 -0.102059345746001E+01
  0.408677143846398E+00 -0.102128330320912E+01
  0.412097016389809E+00 -0.102199613288507E+01
  0.415545506947194E+00 -0.102273270637590E+01
  0.419022854998449E+00 -0.102349380841613E+01
  0.422529302027475E+00 -0.102428024938552E+01
  0.426065091538947E+00 -0.102509286613264E+01
  0.429630469075225E+00 -0.102593252282419E+01
  0.433225682233403E+00 -0.102680011182050E+01
  0.436850980682508E+00 -0.102769655457816E+01
  0.440506616180831E+00 -0.102862280258052E+01
  0.444192842593420E+00 -0.102957983829675E+01
  0.447909915909700E+00 -0.103056867617027E+01
  0.451658094261257E+00 -0.103159036363740E+01
  0.455437637939761E+00 -0.103264598217695E+01
  0.459248809415041E+00 -0.103373664839168E+01
  0.463091873353315E+00 -0.103486351512226E+01
  0.466967096635567E+00 -0.103602777259484E+01
  0.470874748376083E+00 -0.103723064960273E+01
  0.474815099941138E+00 -0.103847341472329E+01
  0.478788424967839E+00 -0.103975737757081E+01
  0.482794999383134E+00 -0.104108389008602E+01
  0.486835101422966E+00 -0.104245434786336E+01
  0.490909011651602E+00 -0.104387019151655E+01
  0.495017012981110E+00 -0.104533290808345E+01
  0.499159390691011E+00 -0.104684403247085E+01
  0.503336432448090E+00 -0.104840514894006E+01
  0.507548428326369E+00 -0.105001789263392E+01
  0.511795670827255E+00 -0.105168395114603E+01
  0.516078454899850E+00 -0.105340506613276E+01
  0.520397077961436E+00 -0.105518303496862E+01
  0.524751839918128E+00 -0.105701971244559E+01
  0.529143043185701E+00 -0.105891701251685E+01
  0.533570992710590E+00 -0.106087691008526E+01
  0.538035995991071E+00 -0.106290144283681E+01
  0.542538363098610E+00 -0.106499271311939E+01
  0.547078406699398E+00 -0.106715288986674E+01
  0.551656442076066E+00 -0.106938421056753E+01
  0.556272787149577E+00 -0.107168898327942E+01
  0.560927762501306E+00 -0.107406958868745E+01
  0.565621691395299E+00 -0.107652848220635E+01
  0.570354899800729E+00 -0.107906819612569E+01
  0.575127716414525E+00 -0.108169134179679E+01
  0.579940472684203E+00 -0.108440061186007E+01
  0.584793502830883E+00 -0.108719878251090E+01
  0.589687143872498E+00 -0.109008871580195E+01
  0.594621735647198E+00 -0.109307336197949E+01
  0.599597620836950E+00 -0.109615576185068E+01
  0.604615144991337E+00 -0.109933904917827E+01
  0.609674656551552E+00 -0.110262645309887E+01
  0.614776506874598E+00 -0.110602130055998E+01
  0.619921050257687E+00 -0.110952701877051E+01
  0.625108643962844E+00 -0.111314713765874E+01
  0.630339648241716E+00 -0.111688529233079E+01
  0.635614426360591E+00 -0.112074522552169E+01
  0.640933344625626E+00 -0.112473079003042E+01
  0.646296772408281E+00 -0.112884595112871E+01
  0.651705082170975E+00 -0.113309478893265E+01
  0.657158649492949E+00 -0.113748150072443E+01
  0.662657853096346E+00 -0.114201040321037E+01
  0.668203074872516E+00 -0.114668593469945E+01
  0.673794699908534E+00 -0.115151265718512E+01
  0.679433116513939E+00 -0.115649525831105E+01
  0.685118716247708E+00 -0.116163855319927E+01
  0.690851893945440E+00 -0.116694748611710E+01
  0.696633047746778E+00 -0.117242713195658E+01
  0.702462579123061E+00 -0.117808269749729E+01
  0.708340892905199E+00 -0.118391952242076E+01
  0.714268397311788E+00 -0.118994308004105E+01
  0.720245503977462E+00 -0.119615897771295E+01
  0.726272627981475E+00 -0.120257295687511E+01
  0.732350187876527E+00 -0.120919089268146E+01
  0.738478605717830E+00 -0.121601879316987E+01
  0.744658307092420E+00 -0.122306279791209E+01
  0.750889721148709E+00 -0.123032917608388E+01
  0.757173280626289E+00 -0.123782432388875E+01
  0.763509421885982E+00 -0.124555476126272E+01
  0.769898584940144E+00 -0.125352712778116E+01
  0.776341213483221E+00 -0.126174817768199E+01
  0.782837754922563E+00 -0.127022477391240E+01
  0.789388660409491E+00 -0.127896388109825E+01
  0.795994384870630E+00 -0.128797255732765E+01
  0.802655387039501E+00 -0.129725794463129E+01
  0.809372129488374E+00 -0.130682725803323E+01
  0.816145078660399E+00 -0.131668777303653E+01
  0.822974704901988E+00 -0.132684681139809E+01
  0.829861482495486E+00 -0.133731172503717E+01
  0.836805889692106E+00 -0.134808987791141E+01
  0.843808408745138E+00 -0.135918862568357E+01
  0.850869525943441E+00 -0.137061529299143E+01
  0.857989731645214E+00 -0.138237714812241E+01
  0.865169520312048E+00 -0.139448137488355E+01
  0.872409390543263E+00 -0.140693504144737E+01
  0.879709845110535E+00 -0.141974506594359E+01
  0.887071390992809E+00 -0.143291817855764E+01
  0.894494539411509E+00 -0.144646087988830E+01
  0.901979805866035E+00 -0.146037939530961E+01
  0.909527710169565E+00 -0.147467962507650E+01
  0.917138776485155E+00 -0.148936708991011E+01
  0.924813533362134E+00 -0.150444687179752E+01
  0.932552513772816E+00 -0.151992354974247E+01
  0.940356255149504E+00 -0.153580113020915E+01
  0.948225299421820E+00 -0.155208297201087E+01
  0.956160193054334E+00 -0.156877170541011E+01
  0.964161487084514E+00 -0.158586914521697E+01
  0.972229737160996E+00 -0.160337619770021E+01
  0.980365503582165E+00 -0.162129276116032E+01
  0.988569351335071E+00 -0.163961762005693E+01
  0.996841850134660E+00 -0.165834833263705E+01
  0.100518357446334E+01 -0.167748111207426E+01
  0.101359510361088E+01 -0.169701070120562E+01
  0.102207702171461E+01 -0.171693024104266E+01
  0.103062991780006E+01 -0.173723113333700E+01
  0.103925438582176E+01 -0.175790289760054E+01
  0.104795102470457E+01 -0.177893302311705E+01
  0.105672043838525E+01 -0.180030681663524E+01
  0.106556323585437E+01 -0.182200724660628E+01
  0.107448003119866E+01 -0.184401478501909E+01
  0.108347144364360E+01 -0.186630724809688E+01
  0.109253809759643E+01 -0.188885963734678E+01
  0.110168062268955E+01 -0.191164398270028E+01
  0.111089965382421E+01 -0.193462918974482E+01
  0.112019583121461E+01 -0.195778089332304E+01
  0.112956980043236E+01 -0.198106132006371E+01
  0.113902221245132E+01 -0.200442916270247E+01
  0.114855372369277E+01 -0.202783946934650E+01
  0.115816499607106E+01 -0.205124355112850E+01
  0.116785669703952E+01 -0.207458891197411E+01
  0.117762949963684E+01 -0.209781920446464E+01
  0.118748408253378E+01 -0.212087421600239E+01
  0.119742113008034E+01 -0.214368988966784E+01
  0.120744133235327E+01 -0.216619838428328E+01
  0.121754538520396E+01 -0.218832817825148E+01
  0.122773399030682E+01 -0.221000422170596E+01
  0.123800785520797E+01 -0.223114814137531E+01
  0.124836769337436E+01 -0.225167850231201E+01
  0.125881422424338E+01 -0.227151113025072E+01
  0.126934817327275E+01 -0.229055949782757E+01
  0.127997027199094E+01 -0.230873517719794E+01
  0.129068125804797E+01 -0.232594836072619E+01
  0.130148187526661E+01 -0.234210845037900E+01
  0.131237287369407E+01 -0.235712471523565E+01
  0.132335500965407E+01 -0.237090701513484E+01
  0.133442904579934E+01 -0.238336658692227E+01
  0.134559575116463E+01 -0.239441688806316E+01
  0.135685590122007E+01 -0.240397449056744E+01
  0.136821027792505E+01 -0.241196001627728E+01
  0.137965966978252E+01 -0.241829910263388E+01
  0.139120487189374E+01 -0.242292338612419E+01
  0.140284668601349E+01 -0.242577148877284E+01
  0.141458592060576E+01 -0.242678999135589E+01
  0.142642339089990E+01 -0.242593437554572E+01
  0.143835991894722E+01 -0.242316991602390E+01
  0.145039633367806E+01 -0.241847250279609E+01
  0.146253347095940E+01 -0.241182937357844E+01
  0.147477217365287E+01 -0.240323973625918E+01
  0.148711329167331E+01 -0.239271526212031E+01
  0.149955768204775E+01 -0.238028043176342E+01
  0.151210620897497E+01 -0.236597271753179E+01
  0.152475974388550E+01 -0.234984258864600E+01
  0.153751916550212E+01 -0.233195332823522E+01
  0.155038535990091E+01 -0.231238065488839E+01
  0.156335922057276E+01 -0.229121214518106E+01
  0.157644164848542E+01 -0.226854645774737E+01
  0.158963355214611E+01 -0.224449236373387E+01
  0.160293584766453E+01 -0.221916759275973E+01
  0.161634945881656E+01 -0.219269750767534E+01
  0.162987531710836E+01 -0.216521362533016E+01
  0.164351436184109E+01 -0.213685200411940E+01
  0.165726754017610E+01 -0.210775152219867E+01
  0.167113580720075E+01 -0.207805207289931E+01
  0.168512012599472E+01 -0.204789270606573E+01
  0.169922146769688E+01 -0.201740974585345E+01
  0.171344081157273E+01 -0.198673491713641E+01
  0.172777914508242E+01 -0.195599351431752E+01
  0.174223746394932E+01 -0.192530264835023E+01
  0.175681677222917E+01 -0.189476961058039E+01
  0.177151808237978E+01 -0.186449039610869E+01
  0.178634241533138E+01 -0.183454843532969E+01
  0.180129080055749E+01 -0.180501359074816E+01
  0.181636427614643E+01 -0.177594148775890E+01
  0.183156388887339E+01 -0.174737326343139E+01
  0.184689069427315E+01 -0.171933583703054E+01
  0.186234575671334E+01 -0.169184283046360E+01
  0.187793014946841E+01 -0.166489629632802E+01
  0.189364495479412E+01 -0.163848944579498E+01
  0.190949126400270E+01 -0.161261055450547E+01
  0.192547017753866E+01 -0.158724685562392E+01
  0.194158280505521E+01 -0.156238581295285E+01
  0.195783026549127E+01 -0.153801516303569E+01
  0.197421368714925E+01 -0.151412291299826E+01
  0.199073420777334E+01 -0.149069733806959E+01
  0.200739297462856E+01 -0.146772697845282E+01
  0.202419114458041E+01 -0.144520063705427E+01
  0.204112988417522E+01 -0.142310737655927E+01
  0.205821036972117E+01 -0.140143651731520E+01
  0.207543378736994E+01 -0.138017763456308E+01
  0.209280133319913E+01 -0.135932055641961E+01
  0.211031421329529E+01 -0.133885536121599E+01
  0.212797364383769E+01 -0.131877237552650E+01
  0.214578085118275E+01 -0.129906217157001E+01
  0.216373707194928E+01 -0.127971556523868E+01
  0.218184355310424E+01 -0.126072361352288E+01
  0.220010155204946E+01 -0.124207761250104E+01
  0.221851233670885E+01 -0.122376909475482E+01
  0.223707718561653E+01 -0.120578982728869E+01
  0.225579738800557E+01 -0.118813180890884E+01
  0.227467424389757E+01 -0.117078726804552E+01
  0.229370906419286E+01 -0.115374866007532E+01
  0.231290317076163E+01 -0.113700866502461E+01
  0.233225789653565E+01 -0.112056018481447E+01
  0.235177458560088E+01 -0.110439634082751E+01
  0.237145459329079E+01 -0.108851047105424E+01
  0.239129928628050E+01 -0.107289612750435E+01
  0.241131004268165E+01 -0.105754707323095E+01
  0.243148825213816E+01 -0.104245727956392E+01
  0.245183531592267E+01 -0.102762092298335E+01
  0.247235264703390E+01 -0.101303238214777E+01
  0.249304167029477E+01 -0.998686234581382E+00
  0.251390382245130E+01 -0.984577253463722E+00
  0.253494055227246E+01 -0.970700404088860E+00
  0.255615332065070E+01 -0.957050840376228E+00
  0.257754360070348E+01 -0.943623901054236E+00
  0.259911287787550E+01 -0.930415105846974E+00
  0.262086265004190E+01 -0.917420151331101E+00
  0.264279442761226E+01 -0.904634906750077E+00
  0.266490973363551E+01 -0.892055409492798E+00
  0.268721010390568E+01 -0.879677860488573E+00
  0.270969708706855E+01 -0.867498619258996E+00
  0.273237224472922E+01 -0.855514198852853E+00
  0.275523715156052E+01 -0.843721260431940E+00
  0.277829339541239E+01 -0.832116607714877E+00
  0.280154257742214E+01 -0.820697181072122E+00
  0.282498631212565E+01 -0.809460051463716E+00
  0.284862622756948E+01 -0.798402414037030E+00
  0.287246396542390E+01 -0.787521581564595E+00
  0.289650118109698E+01 -0.776814977561051E+00
  0.292073954384945E+01 -0.766280129251695E+00
  0.294518073691069E+01 -0.755914660251389E+00
  0.296982645759560E+01 -0.745716283121023E+00
  0.299467841742246E+01 -0.735682791678851E+00
  0.301973834223181E+01 -0.725812053229805E+00
  0.304500797230627E+01 -0.716102000606883E+00
  0.307048906249142E+01 -0.706550624184333E+00
  0.309618338231765E+01 -0.697155963772312E+00
  0.312209271612305E+01 -0.687916100548131E+00
  0.314821886317733E+01 -0.678829148948369E+00
  0.317456363780675E+01 -0.669893248672039E+00
  0.320112886952015E+01 -0.661106556728461E+00
  0.322791640313594E+01 -0.652467239683199E+00
  0.325492809891030E+01 -0.643973466021593E+00
  0.328216583266628E+01 -0.635623398827813E+00
  0.330963149592411E+01 -0.627415188619732E+00
  0.333732699603256E+01 -0.619346966609788E+00
  0.336525425630139E+01 -0.611416838354402E+00
  0.339341521613488E+01 -0.603622877291550E+00
  0.342181183116656E+01 -0.595963120008434E+00
  0.345044607339500E+01 -0.588435561284478E+00
  0.347931993132076E+01 -0.581038144318292E+00
  0.350843541008446E+01 -0.573768768032820E+00
  0.353779453160604E+01 -0.566625271689828E+00
  0.356739933472519E+01 -0.559605438338006E+00
  0.359725187534292E+01 -0.552706990871795E+00
  0.362735422656431E+01 -0.545927590509783E+00
  0.365770847884253E+01 -0.539264835726940E+00
  0.368831674012395E+01 -0.532716261921942E+00
  0.371918113599459E+01 -0.526279341697449E+00
  0.375030380982765E+01 -0.519951485886749E+00
  0.378168692293246E+01 -0.513730045202118E+00
  0.381333265470447E+01 -0.507612312631514E+00
  0.384524320277667E+01 -0.501595526451578E+00
  0.387742078317215E+01 -0.495676873975113E+00
  0.390986763045806E+01 -0.489853495888879E+00
  0.394258599790070E+01 -0.484122491303568E+00
  0.397557815762208E+01 -0.478480923343645E+00
  0.400884640075766E+01 -0.472925825384892E+00
  0.404239303761548E+01 -0.467454207866561E+00
  0.407622039783657E+01 -0.462063065482037E+00
  0.411033083055677E+01 -0.456749384861482E+00
  0.414472670456983E+01 -0.451510153958988E+00
  0.417941040849194E+01 -0.446342367001312E+00
  0.421438435092759E+01 -0.441243039200666E+00
  0.424965096063683E+01 -0.436209210581410E+00
  0.428521268670397E+01 -0.431237959528034E+00
  0.432107199870759E+01 -0.426326405862833E+00
  0.435723138689211E+01 -0.421471726118285E+00
  0.439369336234069E+01 -0.416671164256361E+00
  0.443046045714961E+01 -0.411922035593390E+00
  0.446753522460411E+01 -0.407221738435461E+00
  0.450492023935573E+01 -0.402567762603173E+00
  0.454261809760106E+01 -0.397957697764988E+00
  0.458063141726209E+01 -0.393389241345916E+00
  0.461896283816796E+01 -0.388860205818198E+00
  0.465761502223829E+01 -0.384368525425941E+00
  0.469659065366807E+01 -0.379912262146871E+00
  0.473589243911404E+01 -0.375489610952933E+00
  0.477552310788264E+01 -0.371098904189080E+00
  0.481548541211958E+01 -0.366738615148249E+00
  0.485578212700094E+01 -0.362407360681025E+00
  0.489641605092589E+01 -0.358103902938347E+00
  0.493739000571102E+01 -0.353827150107498E+00
  0.497870683678634E+01 -0.349576156266287E+00
  0.502036941339282E+01 -0.345350120219814E+00
  0.506238062878171E+01 -0.341148383515166E+00
  0.510474340041538E+01 -0.336970427492533E+00
  0.514746067017002E+01 -0.332815869228161E+00
  0.519053540453985E+01 -0.328684458298398E+00
  0.523397059484318E+01 -0.324576068021844E+00
  0.527776925743013E+01 -0.320490694772771E+00
  0.532193443389209E+01 -0.316428446570930E+00
  0.536646919127295E+01 -0.312389539401036E+00
  0.541137662228210E+01 -0.308374285522924E+00
  0.545665984550918E+01 -0.304383089247818E+00
  0.550232200564066E+01 -0.300416439621271E+00
  0.554836627367825E+01 -0.296474898556324E+00
  0.559479584715905E+01 -0.292559094151455E+00
  0.564161395037767E+01 -0.288669711984836E+00
  0.568882383461009E+01 -0.284807486732669E+00
  0.573642877833946E+01 -0.280973193798042E+00
  0.578443208748378E+01 -0.277167641222893E+00
  0.583283709562549E+01 -0.273391661740289E+00
  0.588164716424293E+01 -0.269646105225010E+00
  0.593086568294381E+01 -0.265931831376176E+00
  0.598049606970061E+01 -0.262249702886254E+00
  0.603054177108790E+01 -0.258600578906789E+00
  0.608100626252173E+01 -0.254985309061079E+00
  0.613189304850095E+01 -0.251404727791085E+00
  0.618320566285059E+01 -0.247859649286347E+00
  0.623494766896728E+01 -0.244350862760675E+00
  0.628712266006666E+01 -0.240879128321486E+00
  0.633973425943299E+01 -0.237445173180723E+00
  0.639278612067069E+01 -0.234049688449617E+00
  0.644628192795812E+01 -0.230693326251320E+00
  0.650022539630339E+01 -0.227376697393703E+00
  0.655462027180236E+01 -0.224100369323946E+00
  0.660947033189882E+01 -0.220864864608396E+00
  0.666477938564676E+01 -0.217670659649252E+00
  0.672055127397491E+01 -0.214518183884933E+00
  0.677678986995348E+01 -0.211407819177271E+00
  0.683349907906314E+01 -0.208339899636946E+00
  0.689068283946619E+01 -0.205314711583931E+00
  0.694834512228008E+01 -0.202332493899750E+00
  0.700648993185319E+01 -0.199393438463949E+00
  0.706512130604289E+01 -0.196497690936759E+00
  0.712424331649593E+01 -0.193645351577895E+00
  0.718386006893126E+01 -0.190836476368811E+00
  0.724397570342507E+01 -0.188071078126885E+00
  0.730459439469838E+01 -0.185349127883989E+00
  0.736572035240688E+01 -0.182670556217542E+00
  0.742735782143331E+01 -0.180035254811756E+00
  0.748951108218224E+01 -0.177443077936413E+00
  0.755218445087730E+01 -0.174893844126636E+00
  0.761538227986096E+01 -0.172387337750352E+00
  0.767910895789673E+01 -0.169923310752318E+00
  0.774336891047398E+01 -0.167501484260981E+00
  0.780816660011524E+01 -0.165121550351920E+00
  0.787350652668611E+01 -0.162783173653744E+00
  0.793939322770774E+01 -0.160485993095029E+00
  0.800583127867198E+01 -0.158229623477332E+00
  0.807282529335904E+01 -0.156013657177420E+00
  0.814037992415800E+01 -0.153837665663211E+00
  0.820849986238980E+01 -0.151701201129718E+00
  0.827718983863309E+01 -0.149603797940003E+00
  0.834645462305270E+01 -0.147544974179646E+00
  0.841629902573096E+01 -0.145524233010355E+00
  0.848672789700166E+01 -0.143541064132500E+00
  0.855774612778696E+01 -0.141594945043285E+00
  0.862935864993697E+01 -0.139685342401505E+00
  0.870157043657229E+01 -0.137811713185860E+00
  0.877438650242935E+01 -0.135973505959208E+00
  0.884781190420865E+01 -0.134170161925683E+00
  0.892185174092593E+01 -0.132401116094152E+00
  0.899651115426627E+01 -0.130665798235051E+00
  0.907179532894117E+01 -0.128963633945203E+00
  0.914770949304855E+01 -0.127294045506757E+00
  0.922425891843589E+01 -0.125656452856415E+00
  0.930144892106626E+01 -0.124050274350822E+00
  0.937928486138754E+01 -0.122474927644425E+00
  0.945777214470463E+01 -0.120929830365745E+00
  0.953691622155488E+01 -0.119414400909090E+00
  0.961672258808652E+01 -0.117928059026969E+00
  0.969719678644042E+01 -0.116470226540944E+00
  0.977834440513492E+01 -0.115040327855901E+00
  0.986017107945393E+01 -0.113637790595388E+00
  0.994268249183826E+01 -0.112262046043365E+00
  0.100258843722803E+02 -0.110912529709742E+00
  0.101097824987218E+02 -0.109588681705127E+00
  0.101943826974553E+02 -0.108289947241911E+00
  0.102796908435285E+02 -0.107015776947240E+00
  0.103657128611527E+02 -0.105765627305379E+00
  0.104524547241135E+02 -0.104538960913426E+00
  0.105399224561863E+02 -0.103335246870387E+00
  0.106281221315544E+02 -0.102153960980285E+00
  0.107170598752306E+02 -0.100994586092444E+00
  0.108067418634828E+02 -0.998566122569396E-01
  0.108971743242630E+02 -0.987395370199625E-01
  0.109883635376396E+02 -0.976428655362314E-01
  0.110803158362333E+02 -0.965661108231828E-01
  0.111730376056575E+02 -0.955087938341227E-01
  0.112665352849612E+02 -0.944704436753502E-01
  0.113608153670763E+02 -0.934505976434279E-01
  0.114558843992687E+02 -0.924488014085147E-01
  0.115517489835927E+02 -0.914646090190527E-01
  0.116484157773496E+02 -0.904975830546719E-01
  0.117458914935501E+02 -0.895472946010642E-01
  0.118441829013803E+02 -0.886133233753041E-01
  0.119432968266719E+02 -0.876952576738470E-01
  0.120432401523762E+02 -0.867926944728366E-01
  0.121440198190421E+02 -0.859052393516068E-01
  0.122456428252981E+02 -0.850325065703957E-01
  0.123481162283382E+02 -0.841741189717607E-01
  0.124514471444122E+02 -0.833297080377517E-01
  0.125556427493196E+02 -0.824989137716254E-01
  0.126607102789083E+02 -0.816813847361151E-01
  0.127666570295766E+02 -0.808767779174795E-01
  0.128734903587803E+02 -0.800847587468912E-01
  0.129812176855437E+02 -0.793050009483278E-01
  0.130898464909743E+02 -0.785371865448051E-01
  0.131993843187829E+02 -0.777810056915492E-01
  0.133098387758071E+02 -0.770361566687784E-01
  0.134212175325396E+02 -0.763023457015685E-01
  0.135335283236612E+02 -0.755792869401754E-01
  0.136467789485774E+02 -0.748667022678439E-01
  0.137609772719604E+02 -0.741643212701188E-01
  0.138761312242954E+02 -0.734718810312059E-01
  0.139922488024308E+02 -0.727891260931652E-01
  0.141093380701340E+02 -0.721158082417756E-01
  0.142274071586512E+02 -0.714516864558336E-01
  0.143464642672722E+02 -0.707965266833975E-01
  0.144665176638994E+02 -0.701501017806794E-01
  0.145875756856226E+02 -0.695121912795050E-01
  0.147096467392976E+02 -0.688825813131757E-01
  0.148327393021298E+02 -0.682610643845499E-01
  0.149568619222634E+02 -0.676474392467337E-01
  0.150820232193747E+02 -0.670415107899791E-01
  0.152082318852706E+02 -0.664430893925411E-01
  0.153354966844927E+02 -0.658519925579076E-01
  0.154638264549254E+02 -0.652680411185350E-01
  0.155932301084097E+02 -0.646910621292413E-01
  0.157237166313627E+02 -0.641208882283200E-01
  0.158552950854007E+02 -0.635573640044449E-01
  0.159879746079693E+02 -0.630003382064980E-01
  0.161217644129776E+02 -0.624496574508412E-01
  0.162566737914380E+02 -0.619051694539568E-01
  0.163927121121115E+02 -0.613667369453827E-01
  0.165298888221585E+02 -0.608342096919606E-01
  0.166682134477945E+02 -0.603074477906493E-01
  0.168076955949519E+02 -0.597863179976019E-01
  0.169483449499469E+02 -0.592707948425169E-01
  0.170901712801524E+02 -0.587608563023636E-01
  0.172331844346760E+02 -0.582563781865595E-01
  0.173773943450444E+02 -0.577572412955905E-01
  0.175228110258926E+02 -0.572633311501701E-01
  0.176694445756596E+02 -0.567745378848152E-01
  0.178173051772897E+02 -0.562907559800675E-01
  0.179664030989398E+02 -0.558118841669454E-01
  0.181167486946921E+02 -0.553378251692112E-01
  0.182683524052733E+02 -0.548684856182832E-01
  0.184212247587800E+02 -0.544037758051547E-01
  0.185753763714090E+02 -0.539436096056940E-01
  0.187308179481956E+02 -0.534879042425155E-01
  0.188875602837561E+02 -0.530365802202497E-01
  0.190456142630379E+02 -0.525895610972682E-01
  0.192049908620753E+02 -0.521467734306278E-01
  0.193657011487518E+02 -0.517081465576155E-01
  0.195277562835685E+02 -0.512736125501924E-01
  0.196911675204193E+02 -0.508431060058237E-01
  0.198559462073725E+02 -0.504165640113818E-01
  0.200221037874587E+02 -0.499939259429686E-01
  0.201896517994654E+02 -0.495751334388582E-01
  0.203586018787387E+02 -0.491601302079884E-01
  0.205289657579908E+02 -0.487488620117721E-01
  0.207007552681151E+02 -0.483412764807399E-01
  0.208739823390078E+02 -0.479373231048511E-01
  0.210486590003962E+02 -0.475369530580852E-01
  0.212247973826742E+02 -0.471401191967519E-01
  0.214024097177446E+02 -0.467467758914683E-01
  0.215815083398689E+02 -0.463568790334077E-01
  0.217621056865232E+02 -0.459703858730838E-01
  0.219442142992625E+02 -0.455872550339554E-01
  0.221278468245916E+02 -0.452074463578874E-01
  0.223130160148429E+02 -0.448309209256914E-01
  0.224997347290623E+02 -0.444576409086162E-01
  0.226880159339022E+02 -0.440875695954020E-01
  0.228778727045221E+02 -0.437206712496657E-01
  0.230693182254962E+02 -0.433569111428201E-01
  0.232623657917291E+02 -0.429962554169939E-01
  0.234570288093796E+02 -0.426386711234020E-01
  0.236533207967910E+02 -0.422841260903898E-01
  0.238512553854301E+02 -0.419325889668456E-01
  0.240508463208341E+02 -0.415840290949703E-01
  0.242521074635647E+02 -0.412384165583374E-01
  0.244550527901712E+02 -0.408957220589980E-01
  0.246596963941605E+02 -0.405559169698048E-01
  0.248660524869763E+02 -0.402189732154816E-01
  0.250741353989857E+02 -0.398848633288419E-01
  0.252839595804745E+02 -0.395535603354664E-01
  0.254955396026509E+02 -0.392250378134659E-01
  0.257088901586568E+02 -0.388992697814259E-01
  0.259240260645890E+02 -0.385762307613843E-01
  0.261409622605273E+02 -0.382558956697205E-01
  0.263597138115725E+02 -0.379382398830349E-01
  0.265802959088925E+02 -0.376232391316828E-01
  0.268027238707771E+02 -0.373108695682619E-01
  0.270270131437020E+02 -0.370011076635097E-01
  0.272531793034011E+02 -0.366939302771266E-01
  0.274812380559488E+02 -0.363893145557756E-01
  0.277112052388501E+02 -0.360872380059890E-01
  0.279430968221406E+02 -0.357876783940296E-01
  0.281769289094957E+02 -0.354906138206476E-01
  0.284127177393488E+02 -0.351960226225829E-01
  0.286504796860189E+02 -0.349038834489596E-01
  0.288902312608478E+02 -0.346141751642275E-01
  0.291319891133470E+02 -0.343268769259996E-01
  0.293757700323531E+02 -0.340419680892505E-01
  0.296215909471948E+02 -0.337594282854219E-01
  0.298694689288677E+02 -0.334792373277109E-01
  0.301194211912201E+02 -0.332013752912861E-01
  0.303714650921484E+02 -0.329258224195183E-01
  0.306256181348027E+02 -0.326525592051641E-01
  0.308818979688018E+02 -0.323815662974068E-01
  0.311403223914596E+02 -0.321128245838816E-01
  0.314009093490203E+02 -0.318463150984090E-01
  0.316636769379052E+02 -0.315820191037484E-01
  0.319286434059690E+02 -0.313199179999214E-01
  0.321958271537675E+02 -0.310599934075947E-01
  0.324652467358348E+02 -0.308022270769011E-01
  0.327369208619726E+02 -0.305466009713661E-01
  0.330108683985488E+02 -0.302930971771459E-01
  0.332871083698078E+02 -0.300416979874225E-01
  0.335656599591922E+02 -0.297923858119896E-01
  0.338465425106741E+02 -0.295451432620498E-01
  0.341297755300992E+02 -0.292999530600893E-01
  0.344153786865411E+02 -0.290567981250195E-01
  0.347033718136670E+02 -0.288156614822896E-01
  0.349937749111154E+02 -0.285765263493242E-01
  0.352866081458847E+02 -0.283393760458295E-01
  0.355818918537341E+02 -0.281041940794847E-01
  0.358796465405950E+02 -0.278709640564047E-01
  0.361798928839961E+02 -0.276396697670508E-01
  0.364826517344985E+02 -0.274102950968174E-01
  0.367879441171441E+02 -0.271828241121316E-01
  0.370957912329154E+02 -0.269572409711387E-01
  0.374062144602081E+02 -0.267335300099646E-01
  0.377192353563156E+02 -0.265116756534780E-01
  0.380348756589257E+02 -0.262916625016948E-01
  0.383531572876309E+02 -0.260734752405984E-01
  0.386741023454500E+02 -0.258570987286687E-01
  0.389977331203631E+02 -0.256425179077450E-01
  0.393240720868597E+02 -0.254297178896651E-01
  0.396531419074991E+02 -0.252186838671588E-01
  0.399849654344846E+02 -0.250094012005843E-01
  0.403195657112499E+02 -0.248018553288428E-01
  0.406569659740598E+02 -0.245960318562019E-01
  0.409971896536237E+02 -0.243919164632234E-01
  0.413402603767228E+02 -0.241894949936651E-01
  0.416862019678507E+02 -0.239887533654157E-01
  0.420350384508681E+02 -0.237896776574678E-01
  0.423867940506708E+02 -0.235922537234401E-01
  0.427414931948725E+02 -0.233964685192590E-01
  0.430991605155008E+02 -0.232023080682271E-01
  0.434598208507077E+02 -0.230097589089273E-01
  0.438234992464948E+02 -0.228188076477833E-01
  0.441902209584524E+02 -0.226294410462477E-01
  0.445600114535134E+02 -0.224416459317483E-01
  0.449328964117220E+02 -0.222554092849238E-01
  0.453089017280168E+02 -0.220707181505535E-01
  0.456880535140291E+02 -0.218875597248391E-01
  0.460703780998964E+02 -0.217059212663190E-01
  0.464559020360910E+02 -0.215257901831950E-01
  0.468446520952633E+02 -0.213471539442313E-01
  0.472366552741013E+02 -0.211700001661259E-01
  0.476319387952057E+02 -0.209943165243940E-01
  0.480305301089798E+02 -0.208200908407837E-01
  0.484324568955361E+02 -0.206473109941439E-01
  0.488377470666186E+02 -0.204759650078837E-01
  0.492464287675408E+02 -0.203060409608248E-01
  0.496585303791408E+02 -0.201375270747040E-01
  0.500740805197516E+02 -0.199704116250106E-01
  0.504931080471888E+02 -0.198046830285313E-01
  0.509156420607548E+02 -0.196403297541723E-01
  0.513417119032591E+02 -0.194773404105460E-01
  0.517713471630564E+02 -0.193157036567788E-01
  0.522045776761015E+02 -0.191554082901382E-01
  0.526414335280206E+02 -0.189964431568268E-01
  0.530819450562013E+02 -0.188387972396489E-01
  0.535261428518989E+02 -0.186824595687911E-01
  0.539740577623611E+02 -0.185274193095281E-01
  0.544257208929701E+02 -0.183736656729896E-01
  0.548811636094025E+02 -0.182211880039044E-01
  0.553404175398078E+02 -0.180699756913544E-01
  0.558035145770046E+02 -0.179200182565568E-01
  0.562704868806954E+02 -0.177713052636046E-01
  0.567413668797003E+02 -0.176238264072859E-01
  0.572161872742082E+02 -0.174775714238120E-01
  0.576949810380485E+02 -0.173325301786733E-01
  0.581777814209807E+02 -0.171886925773545E-01
  0.586646219510031E+02 -0.170460486532268E-01
  0.591555364366814E+02 -0.169045884782507E-01
  0.596505589694967E+02 -0.167643022509030E-01
  0.601497239262128E+02 -0.166251802068683E-01
  0.606530659712632E+02 -0.164872127070006E-01
  0.611606200591591E+02 -0.163503901480021E-01
  0.616724214369160E+02 -0.162147030504201E-01
  0.621885056465019E+02 -0.160801419693133E-01
  0.627089085273055E+02 -0.159466975822825E-01
  0.632336662186249E+02 -0.158143606001256E-01
  0.637628151621772E+02 -0.156831218549010E-01
  0.642963921046296E+02 -0.155529722105718E-01
  0.648344341001509E+02 -0.154239026511011E-01
  0.653769785129846E+02 -0.152959041910852E-01
  0.659240630200443E+02 -0.151689679638815E-01
  0.664757256135293E+02 -0.150430851322297E-01
  0.670320046035638E+02 -0.149182469764121E-01
  0.675929386208567E+02 -0.147944448048633E-01
  0.681585666193847E+02 -0.146716700423619E-01
  0.687289278790971E+02 -0.145499141406296E-01
  0.693040620086441E+02 -0.144291686665528E-01
  0.698840089481267E+02 -0.143094252127717E-01
  0.704688089718713E+02 -0.141906754859320E-01
  0.710585026912254E+02 -0.140729112172633E-01
  0.716531310573788E+02 -0.139561242508603E-01
  0.722527353642071E+02 -0.138403064542514E-01
  0.728573572511392E+02 -0.137254498067087E-01
  0.734670387060491E+02 -0.136115463098064E-01
  0.740818220681717E+02 -0.134985880757595E-01
  0.747017500310432E+02 -0.133865672379725E-01
  0.753268656454656E+02 -0.132754760394063E-01
  0.759572123224968E+02 -0.131653067431166E-01
  0.765928338364648E+02 -0.130560517206490E-01
  0.772337743280080E+02 -0.129477033625675E-01
  0.778800783071404E+02 -0.128402541668769E-01
  0.785317906563425E+02 -0.127336966495422E-01
  0.791889566336781E+02 -0.126280234329375E-01
  0.798516218759376E+02 -0.125232271563558E-01
  0.805198324018070E+02 -0.124193005644845E-01
  0.811936346150634E+02 -0.123162364179065E-01
  0.818730753077981E+02 -0.122140275816012E-01
  0.825582016636656E+02 -0.121126669354363E-01
  0.832490612611602E+02 -0.120121474626947E-01
  0.839457020769207E+02 -0.119124621605575E-01
  0.846481724890614E+02 -0.118136041286560E-01
  0.853565212805320E+02 -0.117155664795455E-01
  0.860707976425057E+02 -0.116183424272823E-01
  0.867910511777946E+02 -0.115219251978894E-01
  0.875173319042947E+02 -0.114263081179567E-01
  0.882496902584595E+02 -0.113314845250992E-01
  0.889881770988023E+02 -0.112374478565807E-01
  0.897328437094284E+02 -0.111441915597635E-01
  0.904837418035959E+02 -0.110517091807560E-01
  0.912409235273078E+02 -0.109599942748542E-01
  0.920044414629323E+02 -0.108690404952118E-01
  0.927743486328553E+02 -0.107788415032744E-01
  0.935506985031618E+02 -0.106893910574720E-01
  0.943335449873492E+02 -0.106006829236451E-01
  0.951229424500714E+02 -0.105127109637598E-01
  0.959189457109138E+02 -0.104254690463262E-01
  0.967216100482006E+02 -0.103389511351353E-01
  0.975309912028333E+02 -0.102531511996697E-01
  0.983471453821617E+02 -0.101680633038622E-01
  0.991701292638876E+02 -0.100836815164990E-01
  0.100000000000000E+03 -0.999999999999957E-02
