#     Ultrasoft pseudopotential             : IN
#              by  GGA (PBE)  / scalar relativistic atomic calculation.
#
#     ---- valence electron configuration for constructing pp. ----
#      5S        5P        5D    
#      0.5000    0.0000    0.0000
#     ------------------------------
#C 1628 (0.2399283584d+01 )   : R_cut_local-V
#L  0.1000000000d+03          : 1 / logarithmic mesh
#Z  0.3000000000d+01          : core charge         
#  r [ bohr ]        local potential 
  0.206115362243903d-06 -0.250000000000000d+01
  0.208186856073068d-06 -0.250000000000000d+01
  0.210279168761330d-06 -0.250000000000000d+01
  0.212392509541701d-06 -0.250000000000000d+01
  0.214527089750021d-06 -0.250000000000000d+01
  0.216683122846089d-06 -0.250000000000000d+01
  0.218860824435012d-06 -0.250000000000000d+01
  0.221060412288762d-06 -0.250000000000000d+01
  0.223282106367959d-06 -0.250000000000000d+01
  0.225526128843862d-06 -0.250000000000000d+01
  0.227792704120589d-06 -0.250000000000000d+01
  0.230082058857555d-06 -0.250000000000000d+01
  0.232394421992143d-06 -0.250000000000000d+01
  0.234730024762592d-06 -0.250000000000000d+01
  0.237089100731127d-06 -0.250000000000000d+01
  0.239471885807310d-06 -0.250000000000000d+01
  0.241878618271635d-06 -0.250000000000000d+01
  0.244309538799352d-06 -0.250000000000000d+01
  0.246764890484542d-06 -0.250000000000000d+01
  0.249244918864418d-06 -0.250000000000000d+01
  0.251749871943885d-06 -0.250000000000000d+01
  0.254280000220339d-06 -0.250000000000000d+01
  0.256835556708716d-06 -0.250000000000000d+01
  0.259416796966794d-06 -0.250000000000000d+01
  0.262023979120750d-06 -0.250000000000000d+01
  0.264657363890972d-06 -0.250000000000000d+01
  0.267317214618131d-06 -0.250000000000000d+01
  0.270003797289518d-06 -0.250000000000000d+01
  0.272717380565637d-06 -0.250000000000000d+01
  0.275458235807079d-06 -0.250000000000000d+01
  0.278226637101650d-06 -0.250000000000000d+01
  0.281022861291788d-06 -0.250000000000000d+01
  0.283847188002241d-06 -0.250000000000000d+01
  0.286699899668035d-06 -0.250000000000000d+01
  0.289581281562713d-06 -0.250000000000000d+01
  0.292491621826866d-06 -0.250000000000000d+01
  0.295431211496945d-06 -0.250000000000000d+01
  0.298400344534367d-06 -0.250000000000000d+01
  0.301399317854911d-06 -0.250000000000000d+01
  0.304428431358407d-06 -0.250000000000000d+01
  0.307487987958730d-06 -0.250000000000000d+01
  0.310578293614090d-06 -0.250000000000000d+01
  0.313699657357627d-06 -0.250000000000000d+01
  0.316852391328318d-06 -0.250000000000000d+01
  0.320036810802186d-06 -0.250000000000000d+01
  0.323253234223832d-06 -0.250000000000000d+01
  0.326501983238279d-06 -0.250000000000000d+01
  0.329783382723136d-06 -0.250000000000000d+01
  0.333097760821086d-06 -0.250000000000000d+01
  0.336445448972700d-06 -0.250000000000000d+01
  0.339826781949583d-06 -0.250000000000000d+01
  0.343242097887852d-06 -0.250000000000000d+01
  0.346691738321945d-06 -0.250000000000000d+01
  0.350176048218781d-06 -0.250000000000000d+01
  0.353695376012253d-06 -0.250000000000000d+01
  0.357250073638074d-06 -0.250000000000000d+01
  0.360840496568968d-06 -0.250000000000000d+01
  0.364467003850220d-06 -0.250000000000000d+01
  0.368129958135581d-06 -0.250000000000000d+01
  0.371829725723532d-06 -0.250000000000000d+01
  0.375566676593913d-06 -0.250000000000000d+01
  0.379341184444928d-06 -0.250000000000000d+01
  0.383153626730506d-06 -0.250000000000000d+01
  0.387004384698052d-06 -0.250000000000000d+01
  0.390893843426573d-06 -0.250000000000000d+01
  0.394822391865183d-06 -0.250000000000000d+01
  0.398790422871999d-06 -0.250000000000000d+01
  0.402798333253428d-06 -0.250000000000000d+01
  0.406846523803850d-06 -0.250000000000000d+01
  0.410935399345691d-06 -0.250000000000000d+01
  0.415065368769915d-06 -0.250000000000000d+01
  0.419236845076904d-06 -0.250000000000000d+01
  0.423450245417766d-06 -0.250000000000000d+01
  0.427705991136047d-06 -0.250000000000000d+01
  0.432004507809864d-06 -0.250000000000000d+01
  0.436346225294467d-06 -0.250000000000000d+01
  0.440731577765222d-06 -0.250000000000000d+01
  0.445161003761032d-06 -0.250000000000000d+01
  0.449634946228186d-06 -0.250000000000000d+01
  0.454153852564660d-06 -0.250000000000000d+01
  0.458718174664853d-06 -0.250000000000000d+01
  0.463328368964780d-06 -0.250000000000000d+01
  0.467984896487711d-06 -0.250000000000000d+01
  0.472688222890279d-06 -0.250000000000000d+01
  0.477438818509045d-06 -0.250000000000000d+01
  0.482237158407529d-06 -0.250000000000000d+01
  0.487083722423719d-06 -0.250000000000000d+01
  0.491978995218056d-06 -0.250000000000000d+01
  0.496923466321898d-06 -0.250000000000000d+01
  0.501917630186477d-06 -0.250000000000000d+01
  0.506961986232341d-06 -0.250000000000000d+01
  0.512057038899297d-06 -0.250000000000000d+01
  0.517203297696860d-06 -0.250000000000000d+01
  0.522401277255196d-06 -0.250000000000000d+01
  0.527651497376593d-06 -0.250000000000000d+01
  0.532954483087439d-06 -0.250000000000000d+01
  0.538310764690725d-06 -0.250000000000000d+01
  0.543720877819073d-06 -0.250000000000000d+01
  0.549185363488305d-06 -0.250000000000000d+01
  0.554704768151542d-06 -0.250000000000000d+01
  0.560279643753849d-06 -0.250000000000000d+01
  0.565910547787434d-06 -0.250000000000000d+01
  0.571598043347390d-06 -0.250000000000000d+01
  0.577342699188015d-06 -0.250000000000000d+01
  0.583145089779679d-06 -0.250000000000000d+01
  0.589005795366277d-06 -0.250000000000000d+01
  0.594925402023251d-06 -0.250000000000000d+01
  0.600904501716201d-06 -0.250000000000000d+01
  0.606943692360077d-06 -0.250000000000000d+01
  0.613043577878978d-06 -0.250000000000000d+01
  0.619204768266538d-06 -0.250000000000000d+01
  0.625427879646930d-06 -0.250000000000000d+01
  0.631713534336479d-06 -0.250000000000000d+01
  0.638062360905890d-06 -0.250000000000000d+01
  0.644474994243113d-06 -0.250000000000000d+01
  0.650952075616825d-06 -0.250000000000000d+01
  0.657494252740560d-06 -0.250000000000000d+01
  0.664102179837483d-06 -0.250000000000000d+01
  0.670776517705810d-06 -0.250000000000000d+01
  0.677517933784889d-06 -0.250000000000000d+01
  0.684327102221948d-06 -0.250000000000000d+01
  0.691204703939503d-06 -0.250000000000000d+01
  0.698151426703458d-06 -0.250000000000000d+01
  0.705167965191878d-06 -0.250000000000000d+01
  0.712255021064459d-06 -0.250000000000000d+01
  0.719413303032694d-06 -0.250000000000000d+01
  0.726643526930746d-06 -0.250000000000000d+01
  0.733946415787029d-06 -0.250000000000000d+01
  0.741322699896515d-06 -0.250000000000000d+01
  0.748773116893761d-06 -0.250000000000000d+01
  0.756298411826677d-06 -0.250000000000000d+01
  0.763899337231026d-06 -0.250000000000000d+01
  0.771576653205683d-06 -0.250000000000000d+01
  0.779331127488643d-06 -0.250000000000000d+01
  0.787163535533797d-06 -0.250000000000000d+01
  0.795074660588476d-06 -0.250000000000000d+01
  0.803065293771778d-06 -0.250000000000000d+01
  0.811136234153681d-06 -0.250000000000000d+01
  0.819288288834948d-06 -0.250000000000000d+01
  0.827522273027841d-06 -0.250000000000000d+01
  0.835839010137642d-06 -0.250000000000000d+01
  0.844239331844990d-06 -0.250000000000000d+01
  0.852724078189059d-06 -0.250000000000000d+01
  0.861294097651552d-06 -0.250000000000000d+01
  0.869950247241558d-06 -0.250000000000000d+01
  0.878693392581249d-06 -0.250000000000000d+01
  0.887524407992445d-06 -0.250000000000000d+01
  0.896444176584046d-06 -0.250000000000000d+01
  0.905453590340345d-06 -0.250000000000000d+01
  0.914553550210225d-06 -0.250000000000000d+01
  0.923744966197257d-06 -0.250000000000000d+01
  0.933028757450698d-06 -0.250000000000000d+01
  0.942405852357411d-06 -0.250000000000000d+01
  0.951877188634701d-06 -0.250000000000000d+01
  0.961443713424088d-06 -0.250000000000000d+01
  0.971106383386023d-06 -0.250000000000000d+01
  0.980866164795554d-06 -0.250000000000000d+01
  0.990724033638957d-06 -0.250000000000000d+01
  0.100068097571133d-05 -0.250000000000000d+01
  0.101073798671518d-05 -0.250000000000000d+01
  0.102089607235998d-05 -0.250000000000000d+01
  0.103115624846277d-05 -0.250000000000000d+01
  0.104151954104970d-05 -0.250000000000000d+01
  0.105198698645868d-05 -0.250000000000000d+01
  0.106255963144296d-05 -0.250000000000000d+01
  0.107323853327585d-05 -0.250000000000000d+01
  0.108402475985644d-05 -0.250000000000000d+01
  0.109491938981637d-05 -0.250000000000000d+01
  0.110592351262772d-05 -0.250000000000000d+01
  0.111703822871194d-05 -0.250000000000000d+01
  0.112826464954990d-05 -0.250000000000000d+01
  0.113960389779304d-05 -0.250000000000000d+01
  0.115105710737563d-05 -0.250000000000000d+01
  0.116262542362817d-05 -0.250000000000000d+01
  0.117431000339193d-05 -0.250000000000000d+01
  0.118611201513463d-05 -0.250000000000000d+01
  0.119803263906727d-05 -0.250000000000000d+01
  0.121007306726219d-05 -0.250000000000000d+01
  0.122223450377222d-05 -0.250000000000000d+01
  0.123451816475117d-05 -0.250000000000000d+01
  0.124692527857536d-05 -0.250000000000000d+01
  0.125945708596652d-05 -0.250000000000000d+01
  0.127211484011582d-05 -0.250000000000000d+01
  0.128489980680923d-05 -0.250000000000000d+01
  0.129781326455408d-05 -0.250000000000000d+01
  0.131085650470690d-05 -0.250000000000000d+01
  0.132403083160257d-05 -0.250000000000000d+01
  0.133733756268477d-05 -0.250000000000000d+01
  0.135077802863768d-05 -0.250000000000000d+01
  0.136435357351911d-05 -0.250000000000000d+01
  0.137806555489486d-05 -0.250000000000000d+01
  0.139191534397449d-05 -0.250000000000000d+01
  0.140590432574845d-05 -0.250000000000000d+01
  0.142003389912658d-05 -0.250000000000000d+01
  0.143430547707798d-05 -0.250000000000000d+01
  0.144872048677235d-05 -0.250000000000000d+01
  0.146328036972267d-05 -0.250000000000000d+01
  0.147798658192937d-05 -0.250000000000000d+01
  0.149284059402592d-05 -0.250000000000000d+01
  0.150784389142591d-05 -0.250000000000000d+01
  0.152299797447158d-05 -0.250000000000000d+01
  0.153830435858387d-05 -0.250000000000000d+01
  0.155376457441394d-05 -0.250000000000000d+01
  0.156938016799626d-05 -0.250000000000000d+01
  0.158515270090320d-05 -0.250000000000000d+01
  0.160108375040120d-05 -0.250000000000000d+01
  0.161717490960848d-05 -0.250000000000000d+01
  0.163342778765437d-05 -0.250000000000000d+01
  0.164984400984022d-05 -0.250000000000000d+01
  0.166642521780192d-05 -0.250000000000000d+01
  0.168317306967411d-05 -0.250000000000000d+01
  0.170008924025590d-05 -0.250000000000000d+01
  0.171717542117847d-05 -0.250000000000000d+01
  0.173443332107414d-05 -0.250000000000000d+01
  0.175186466574728d-05 -0.250000000000000d+01
  0.176947119834689d-05 -0.250000000000000d+01
  0.178725467954090d-05 -0.250000000000000d+01
  0.180521688769225d-05 -0.250000000000000d+01
  0.182335961903672d-05 -0.250000000000000d+01
  0.184168468786256d-05 -0.250000000000000d+01
  0.186019392669194d-05 -0.250000000000000d+01
  0.187888918646414d-05 -0.250000000000000d+01
  0.189777233672074d-05 -0.250000000000000d+01
  0.191684526579250d-05 -0.250000000000000d+01
  0.193610988098821d-05 -0.250000000000000d+01
  0.195556810878545d-05 -0.250000000000000d+01
  0.197522189502321d-05 -0.250000000000000d+01
  0.199507320509650d-05 -0.250000000000000d+01
  0.201512402415287d-05 -0.250000000000000d+01
  0.203537635729093d-05 -0.250000000000000d+01
  0.205583222976087d-05 -0.250000000000000d+01
  0.207649368716698d-05 -0.250000000000000d+01
  0.209736279567223d-05 -0.250000000000000d+01
  0.211844164220485d-05 -0.250000000000000d+01
  0.213973233466707d-05 -0.250000000000000d+01
  0.216123700214587d-05 -0.250000000000000d+01
  0.218295779512592d-05 -0.250000000000000d+01
  0.220489688570463d-05 -0.250000000000000d+01
  0.222705646780932d-05 -0.250000000000000d+01
  0.224943875741668d-05 -0.250000000000000d+01
  0.227204599277432d-05 -0.250000000000000d+01
  0.229488043462462d-05 -0.250000000000000d+01
  0.231794436643078d-05 -0.250000000000000d+01
  0.234124009460522d-05 -0.250000000000000d+01
  0.236476994874015d-05 -0.250000000000000d+01
  0.238853628184061d-05 -0.250000000000000d+01
  0.241254147055971d-05 -0.250000000000000d+01
  0.243678791543632d-05 -0.250000000000000d+01
  0.246127804113513d-05 -0.250000000000000d+01
  0.248601429668913d-05 -0.250000000000000d+01
  0.251099915574449d-05 -0.250000000000000d+01
  0.253623511680793d-05 -0.250000000000000d+01
  0.256172470349658d-05 -0.250000000000000d+01
  0.258747046479036d-05 -0.250000000000000d+01
  0.261347497528686d-05 -0.250000000000000d+01
  0.263974083545878d-05 -0.250000000000000d+01
  0.266627067191404d-05 -0.250000000000000d+01
  0.269306713765839d-05 -0.250000000000000d+01
  0.272013291236074d-05 -0.250000000000000d+01
  0.274747070262111d-05 -0.250000000000000d+01
  0.277508324224131d-05 -0.250000000000000d+01
  0.280297329249831d-05 -0.250000000000000d+01
  0.283114364242038d-05 -0.250000000000000d+01
  0.285959710906598d-05 -0.250000000000000d+01
  0.288833653780550d-05 -0.250000000000000d+01
  0.291736480260575d-05 -0.250000000000000d+01
  0.294668480631741d-05 -0.250000000000000d+01
  0.297629948096528d-05 -0.250000000000000d+01
  0.300621178804150d-05 -0.250000000000000d+01
  0.303642471880172d-05 -0.250000000000000d+01
  0.306694129456417d-05 -0.250000000000000d+01
  0.309776456701188d-05 -0.250000000000000d+01
  0.312889761849776d-05 -0.250000000000000d+01
  0.316034356235292d-05 -0.250000000000000d+01
  0.319210554319794d-05 -0.250000000000000d+01
  0.322418673725738d-05 -0.250000000000000d+01
  0.325659035267737d-05 -0.250000000000000d+01
  0.328931962984647d-05 -0.250000000000000d+01
  0.332237784171966d-05 -0.250000000000000d+01
  0.335576829414568d-05 -0.250000000000000d+01
  0.338949432619760d-05 -0.250000000000000d+01
  0.342355931050672d-05 -0.250000000000000d+01
  0.345796665359987d-05 -0.250000000000000d+01
  0.349271979624003d-05 -0.250000000000000d+01
  0.352782221377043d-05 -0.250000000000000d+01
  0.356327741646206d-05 -0.250000000000000d+01
  0.359908894986474d-05 -0.250000000000000d+01
  0.363526039516167d-05 -0.250000000000000d+01
  0.367179536952750d-05 -0.250000000000000d+01
  0.370869752649013d-05 -0.250000000000000d+01
  0.374597055629599d-05 -0.250000000000000d+01
  0.378361818627914d-05 -0.250000000000000d+01
  0.382164418123394d-05 -0.250000000000000d+01
  0.386005234379158d-05 -0.250000000000000d+01
  0.389884651480032d-05 -0.250000000000000d+01
  0.393803057370959d-05 -0.250000000000000d+01
  0.397760843895794d-05 -0.250000000000000d+01
  0.401758406836486d-05 -0.250000000000000d+01
  0.405796145952662d-05 -0.250000000000000d+01
  0.409874465021597d-05 -0.250000000000000d+01
  0.413993771878598d-05 -0.250000000000000d+01
  0.418154478457783d-05 -0.250000000000000d+01
  0.422357000833277d-05 -0.250000000000000d+01
  0.426601759260820d-05 -0.250000000000000d+01
  0.430889178219791d-05 -0.250000000000000d+01
  0.435219686455659d-05 -0.250000000000000d+01
  0.439593717022858d-05 -0.250000000000000d+01
  0.444011707328088d-05 -0.250000000000000d+01
  0.448474099174062d-05 -0.250000000000000d+01
  0.452981338803683d-05 -0.250000000000000d+01
  0.457533876944670d-05 -0.250000000000000d+01
  0.462132168854631d-05 -0.250000000000000d+01
  0.466776674366589d-05 -0.250000000000000d+01
  0.471467857934966d-05 -0.250000000000000d+01
  0.476206188682027d-05 -0.250000000000000d+01
  0.480992140444796d-05 -0.250000000000000d+01
  0.485826191822438d-05 -0.250000000000000d+01
  0.490708826224118d-05 -0.250000000000000d+01
  0.495640531917347d-05 -0.250000000000000d+01
  0.500621802076802d-05 -0.250000000000000d+01
  0.505653134833651d-05 -0.250000000000000d+01
  0.510735033325363d-05 -0.250000000000000d+01
  0.515868005746021d-05 -0.250000000000000d+01
  0.521052565397145d-05 -0.250000000000000d+01
  0.526289230739020d-05 -0.250000000000000d+01
  0.531578525442546d-05 -0.250000000000000d+01
  0.536920978441599d-05 -0.250000000000000d+01
  0.542317123985932d-05 -0.250000000000000d+01
  0.547767501694596d-05 -0.250000000000000d+01
  0.553272656609904d-05 -0.250000000000000d+01
  0.558833139251935d-05 -0.250000000000000d+01
  0.564449505673587d-05 -0.250000000000000d+01
  0.570122317516182d-05 -0.250000000000000d+01
  0.575852142065633d-05 -0.250000000000000d+01
  0.581639552309169d-05 -0.250000000000000d+01
  0.587485126992636d-05 -0.250000000000000d+01
  0.593389450678376d-05 -0.250000000000000d+01
  0.599353113803676d-05 -0.250000000000000d+01
  0.605376712739820d-05 -0.250000000000000d+01
  0.611460849851719d-05 -0.250000000000000d+01
  0.617606133558156d-05 -0.250000000000000d+01
  0.623813178392623d-05 -0.250000000000000d+01
  0.630082605064774d-05 -0.250000000000000d+01
  0.636415040522503d-05 -0.250000000000000d+01
  0.642811118014632d-05 -0.250000000000000d+01
  0.649271477154240d-05 -0.250000000000000d+01
  0.655796763982624d-05 -0.250000000000000d+01
  0.662387631033906d-05 -0.250000000000000d+01
  0.669044737400283d-05 -0.250000000000000d+01
  0.675768748797939d-05 -0.250000000000000d+01
  0.682560337633618d-05 -0.250000000000000d+01
  0.689420183071862d-05 -0.250000000000000d+01
  0.696348971102932d-05 -0.250000000000000d+01
  0.703347394611405d-05 -0.250000000000000d+01
  0.710416153445463d-05 -0.250000000000000d+01
  0.717555954486882d-05 -0.250000000000000d+01
  0.724767511721715d-05 -0.250000000000000d+01
  0.732051546311695d-05 -0.250000000000000d+01
  0.739408786666351d-05 -0.250000000000000d+01
  0.746839968515850d-05 -0.250000000000000d+01
  0.754345834984569d-05 -0.250000000000000d+01
  0.761927136665410d-05 -0.250000000000000d+01
  0.769584631694859d-05 -0.250000000000000d+01
  0.777319085828800d-05 -0.250000000000000d+01
  0.785131272519092d-05 -0.250000000000000d+01
  0.793021972990915d-05 -0.250000000000000d+01
  0.800991976320890d-05 -0.250000000000000d+01
  0.809042079515993d-05 -0.250000000000000d+01
  0.817173087593251d-05 -0.250000000000000d+01
  0.825385813660248d-05 -0.250000000000000d+01
  0.833681078996436d-05 -0.250000000000000d+01
  0.842059713135259d-05 -0.250000000000000d+01
  0.850522553947115d-05 -0.250000000000000d+01
  0.859070447723137d-05 -0.250000000000000d+01
  0.867704249259826d-05 -0.250000000000000d+01
  0.876424821944529d-05 -0.250000000000000d+01
  0.885233037841784d-05 -0.250000000000000d+01
  0.894129777780520d-05 -0.250000000000000d+01
  0.903115931442144d-05 -0.250000000000000d+01
  0.912192397449511d-05 -0.250000000000000d+01
  0.921360083456787d-05 -0.250000000000000d+01
  0.930619906240210d-05 -0.250000000000000d+01
  0.939972791789777d-05 -0.250000000000000d+01
  0.949419675401836d-05 -0.250000000000000d+01
  0.958961501772621d-05 -0.250000000000000d+01
  0.968599225092721d-05 -0.250000000000000d+01
  0.978333809142498d-05 -0.250000000000000d+01
  0.988166227388471d-05 -0.250000000000000d+01
  0.998097463080657d-05 -0.250000000000000d+01
  0.100812850935090d-04 -0.250000000000000d+01
  0.101826036931219d-04 -0.250000000000000d+01
  0.102849405615897d-04 -0.250000000000000d+01
  0.103883059326844d-04 -0.250000000000000d+01
  0.104927101430293d-04 -0.250000000000000d+01
  0.105981636331325d-04 -0.250000000000000d+01
  0.107046769484308d-04 -0.250000000000000d+01
  0.108122607403446d-04 -0.250000000000000d+01
  0.109209257673426d-04 -0.250000000000000d+01
  0.110306828960182d-04 -0.250000000000000d+01
  0.111415431021757d-04 -0.250000000000000d+01
  0.112535174719280d-04 -0.250000000000000d+01
  0.113666172028055d-04 -0.250000000000000d+01
  0.114808536048755d-04 -0.250000000000000d+01
  0.115962381018733d-04 -0.250000000000000d+01
  0.117127822323450d-04 -0.250000000000000d+01
  0.118304976508005d-04 -0.250000000000000d+01
  0.119493961288799d-04 -0.250000000000000d+01
  0.120694895565301d-04 -0.250000000000000d+01
  0.121907899431938d-04 -0.250000000000000d+01
  0.123133094190109d-04 -0.250000000000000d+01
  0.124370602360310d-04 -0.250000000000000d+01
  0.125620547694390d-04 -0.250000000000000d+01
  0.126883055187923d-04 -0.250000000000000d+01
  0.128158251092711d-04 -0.250000000000000d+01
  0.129446262929408d-04 -0.250000000000000d+01
  0.130747219500270d-04 -0.250000000000000d+01
  0.132061250902038d-04 -0.250000000000000d+01
  0.133388488538947d-04 -0.250000000000000d+01
  0.134729065135868d-04 -0.250000000000000d+01
  0.136083114751578d-04 -0.250000000000000d+01
  0.137450772792165d-04 -0.250000000000000d+01
  0.138832176024574d-04 -0.250000000000000d+01
  0.140227462590280d-04 -0.250000000000000d+01
  0.141636772019101d-04 -0.250000000000000d+01
  0.143060245243155d-04 -0.250000000000000d+01
  0.144498024610951d-04 -0.250000000000000d+01
  0.145950253901623d-04 -0.250000000000000d+01
  0.147417078339311d-04 -0.250000000000000d+01
  0.148898644607681d-04 -0.250000000000000d+01
  0.150395100864595d-04 -0.250000000000000d+01
  0.151906596756924d-04 -0.250000000000000d+01
  0.153433283435519d-04 -0.250000000000000d+01
  0.154975313570318d-04 -0.250000000000000d+01
  0.156532841365621d-04 -0.250000000000000d+01
  0.158106022575505d-04 -0.250000000000000d+01
  0.159695014519402d-04 -0.250000000000000d+01
  0.161299976097831d-04 -0.250000000000000d+01
  0.162921067808286d-04 -0.250000000000000d+01
  0.164558451761291d-04 -0.250000000000000d+01
  0.166212291696604d-04 -0.250000000000000d+01
  0.167882752999597d-04 -0.250000000000000d+01
  0.169570002717793d-04 -0.250000000000000d+01
  0.171274209577570d-04 -0.250000000000000d+01
  0.172995544001033d-04 -0.250000000000000d+01
  0.174734178123060d-04 -0.250000000000000d+01
  0.176490285808511d-04 -0.250000000000000d+01
  0.178264042669619d-04 -0.250000000000000d+01
  0.180055626083548d-04 -0.250000000000000d+01
  0.181865215210133d-04 -0.250000000000000d+01
  0.183692991009793d-04 -0.250000000000000d+01
  0.185539136261631d-04 -0.250000000000000d+01
  0.187403835581713d-04 -0.250000000000000d+01
  0.189287275441523d-04 -0.250000000000000d+01
  0.191189644186617d-04 -0.250000000000000d+01
  0.193111132055456d-04 -0.250000000000000d+01
  0.195051931198426d-04 -0.250000000000000d+01
  0.197012235697060d-04 -0.250000000000000d+01
  0.198992241583440d-04 -0.250000000000000d+01
  0.200992146859807d-04 -0.250000000000000d+01
  0.203012151518354d-04 -0.250000000000000d+01
  0.205052457561230d-04 -0.250000000000000d+01
  0.207113269020739d-04 -0.250000000000000d+01
  0.209194791979746d-04 -0.250000000000000d+01
  0.211297234592280d-04 -0.250000000000000d+01
  0.213420807104355d-04 -0.250000000000000d+01
  0.215565721874992d-04 -0.250000000000000d+01
  0.217732193397455d-04 -0.250000000000000d+01
  0.219920438320702d-04 -0.250000000000000d+01
  0.222130675471048d-04 -0.250000000000000d+01
  0.224363125874051d-04 -0.250000000000000d+01
  0.226618012776612d-04 -0.250000000000000d+01
  0.228895561669299d-04 -0.250000000000000d+01
  0.231196000308900d-04 -0.250000000000000d+01
  0.233519558741196d-04 -0.250000000000000d+01
  0.235866469323966d-04 -0.250000000000000d+01
  0.238236966750224d-04 -0.250000000000000d+01
  0.240631288071689d-04 -0.250000000000000d+01
  0.243049672722488d-04 -0.250000000000000d+01
  0.245492362543102d-04 -0.250000000000000d+01
  0.247959601804547d-04 -0.250000000000000d+01
  0.250451637232807d-04 -0.250000000000000d+01
  0.252968718033500d-04 -0.250000000000000d+01
  0.255511095916804d-04 -0.250000000000000d+01
  0.258079025122627d-04 -0.250000000000000d+01
  0.260672762446028d-04 -0.250000000000000d+01
  0.263292567262903d-04 -0.250000000000000d+01
  0.265938701555914d-04 -0.250000000000000d+01
  0.268611429940698d-04 -0.250000000000000d+01
  0.271311019692319d-04 -0.250000000000000d+01
  0.274037740772003d-04 -0.250000000000000d+01
  0.276791865854130d-04 -0.250000000000000d+01
  0.279573670353502d-04 -0.250000000000000d+01
  0.282383432452889d-04 -0.250000000000000d+01
  0.285221433130841d-04 -0.250000000000000d+01
  0.288087956189792d-04 -0.250000000000000d+01
  0.290983288284436d-04 -0.250000000000000d+01
  0.293907718950395d-04 -0.250000000000000d+01
  0.296861540633173d-04 -0.250000000000000d+01
  0.299845048717400d-04 -0.250000000000000d+01
  0.302858541556371d-04 -0.250000000000000d+01
  0.305902320501880d-04 -0.250000000000000d+01
  0.308976689934358d-04 -0.250000000000000d+01
  0.312081957293312d-04 -0.250000000000000d+01
  0.315218433108064d-04 -0.250000000000000d+01
  0.318386431028809d-04 -0.250000000000000d+01
  0.321586267857981d-04 -0.250000000000000d+01
  0.324818263581927d-04 -0.250000000000000d+01
  0.328082741402915d-04 -0.250000000000000d+01
  0.331380027771446d-04 -0.250000000000000d+01
  0.334710452418906d-04 -0.250000000000000d+01
  0.338074348390533d-04 -0.250000000000000d+01
  0.341472052078729d-04 -0.250000000000000d+01
  0.344903903256694d-04 -0.250000000000000d+01
  0.348370245112405d-04 -0.250000000000000d+01
  0.351871424282938d-04 -0.250000000000000d+01
  0.355407790889125d-04 -0.250000000000000d+01
  0.358979698570576d-04 -0.250000000000000d+01
  0.362587504521035d-04 -0.250000000000000d+01
  0.366231569524102d-04 -0.250000000000000d+01
  0.369912257989317d-04 -0.250000000000000d+01
  0.373629937988591d-04 -0.250000000000000d+01
  0.377384981293024d-04 -0.250000000000000d+01
  0.381177763410074d-04 -0.250000000000000d+01
  0.385008663621115d-04 -0.250000000000000d+01
  0.388878065019359d-04 -0.250000000000000d+01
  0.392786354548172d-04 -0.250000000000000d+01
  0.396733923039762d-04 -0.250000000000000d+01
  0.400721165254269d-04 -0.250000000000000d+01
  0.404748479919237d-04 -0.250000000000000d+01
  0.408816269769489d-04 -0.250000000000000d+01
  0.412924941587398d-04 -0.250000000000000d+01
  0.417074906243572d-04 -0.250000000000000d+01
  0.421266578737933d-04 -0.250000000000000d+01
  0.425500378241225d-04 -0.250000000000000d+01
  0.429776728136926d-04 -0.250000000000000d+01
  0.434096056063590d-04 -0.250000000000000d+01
  0.438458793957607d-04 -0.250000000000000d+01
  0.442865378096404d-04 -0.250000000000000d+01
  0.447316249142066d-04 -0.250000000000000d+01
  0.451811852185407d-04 -0.250000000000000d+01
  0.456352636790478d-04 -0.250000000000000d+01
  0.460939057039523d-04 -0.250000000000000d+01
  0.465571571578389d-04 -0.250000000000000d+01
  0.470250643662390d-04 -0.250000000000000d+01
  0.474976741202635d-04 -0.250000000000000d+01
  0.479750336812815d-04 -0.250000000000000d+01
  0.484571907856469d-04 -0.250000000000000d+01
  0.489441936494721d-04 -0.250000000000000d+01
  0.494360909734491d-04 -0.250000000000000d+01
  0.499329319477204d-04 -0.250000000000000d+01
  0.504347662567974d-04 -0.250000000000000d+01
  0.509416440845292d-04 -0.250000000000000d+01
  0.514536161191209d-04 -0.250000000000000d+01
  0.519707335582027d-04 -0.250000000000000d+01
  0.524930481139494d-04 -0.250000000000000d+01
  0.530206120182519d-04 -0.250000000000000d+01
  0.535534780279402d-04 -0.250000000000000d+01
  0.540916994300593d-04 -0.250000000000000d+01
  0.546353300471980d-04 -0.250000000000000d+01
  0.551844242428710d-04 -0.250000000000000d+01
  0.557390369269554d-04 -0.250000000000000d+01
  0.562992235611819d-04 -0.250000000000000d+01
  0.568650401646807d-04 -0.250000000000000d+01
  0.574365433195837d-04 -0.250000000000000d+01
  0.580137901766826d-04 -0.250000000000000d+01
  0.585968384611441d-04 -0.250000000000000d+01
  0.591857464782826d-04 -0.250000000000000d+01
  0.597805731193905d-04 -0.250000000000000d+01
  0.603813778676277d-04 -0.250000000000000d+01
  0.609882208039697d-04 -0.250000000000000d+01
  0.616011626132157d-04 -0.250000000000000d+01
  0.622202645900575d-04 -0.250000000000000d+01
  0.628455886452087d-04 -0.250000000000000d+01
  0.634771973115960d-04 -0.250000000000000d+01
  0.641151537506122d-04 -0.250000000000000d+01
  0.647595217584330d-04 -0.250000000000000d+01
  0.654103657723960d-04 -0.250000000000000d+01
  0.660677508774451d-04 -0.250000000000000d+01
  0.667317428126387d-04 -0.250000000000000d+01
  0.674024079777234d-04 -0.250000000000000d+01
  0.680798134397748d-04 -0.250000000000000d+01
  0.687640269399035d-04 -0.250000000000000d+01
  0.694551169000298d-04 -0.250000000000000d+01
  0.701531524297255d-04 -0.250000000000000d+01
  0.708582033331253d-04 -0.250000000000000d+01
  0.715703401159072d-04 -0.250000000000000d+01
  0.722896339923428d-04 -0.250000000000000d+01
  0.730161568924192d-04 -0.250000000000000d+01
  0.737499814690318d-04 -0.250000000000000d+01
  0.744911811052499d-04 -0.250000000000000d+01
  0.752398299216546d-04 -0.250000000000000d+01
  0.759960027837517d-04 -0.250000000000000d+01
  0.767597753094573d-04 -0.250000000000000d+01
  0.775312238766605d-04 -0.250000000000000d+01
  0.783104256308610d-04 -0.250000000000000d+01
  0.790974584928834d-04 -0.250000000000000d+01
  0.798924011666699d-04 -0.250000000000000d+01
  0.806953331471503d-04 -0.250000000000000d+01
  0.815063347281918d-04 -0.250000000000000d+01
  0.823254870106282d-04 -0.250000000000000d+01
  0.831528719103706d-04 -0.250000000000000d+01
  0.839885721665982d-04 -0.250000000000000d+01
  0.848326713500332d-04 -0.250000000000000d+01
  0.856852538712973d-04 -0.250000000000000d+01
  0.865464049893532d-04 -0.250000000000000d+01
  0.874162108200303d-04 -0.250000000000000d+01
  0.882947583446365d-04 -0.250000000000000d+01
  0.891821354186563d-04 -0.250000000000000d+01
  0.900784307805367d-04 -0.250000000000000d+01
  0.909837340605607d-04 -0.250000000000000d+01
  0.918981357898109d-04 -0.250000000000000d+01
  0.928217274092220d-04 -0.250000000000000d+01
  0.937546012787258d-04 -0.250000000000000d+01
  0.946968506864865d-04 -0.250000000000000d+01
  0.956485698582302d-04 -0.250000000000000d+01
  0.966098539666672d-04 -0.250000000000000d+01
  0.975807991410092d-04 -0.250000000000000d+01
  0.985615024765830d-04 -0.250000000000000d+01
  0.995520620445393d-04 -0.250000000000000d+01
  0.100552576901660d-03 -0.250000000000000d+01
  0.101563147100266d-03 -0.250000000000000d+01
  0.102583873698217d-03 -0.250000000000000d+01
  0.103614858769026d-03 -0.250000000000000d+01
  0.104656205412057d-03 -0.250000000000000d+01
  0.105708017762843d-03 -0.250000000000000d+01
  0.106770401003496d-03 -0.250000000000000d+01
  0.107843461373224d-03 -0.250000000000000d+01
  0.108927306178960d-03 -0.250000000000000d+01
  0.110022043806087d-03 -0.250000000000000d+01
  0.111127783729280d-03 -0.250000000000000d+01
  0.112244636523453d-03 -0.250000000000000d+01
  0.113372713874815d-03 -0.250000000000000d+01
  0.114512128592042d-03 -0.250000000000000d+01
  0.115662994617556d-03 -0.250000000000000d+01
  0.116825427038918d-03 -0.250000000000000d+01
  0.117999542100338d-03 -0.250000000000000d+01
  0.119185457214302d-03 -0.250000000000000d+01
  0.120383290973309d-03 -0.250000000000000d+01
  0.121593163161732d-03 -0.250000000000000d+01
  0.122815194767800d-03 -0.250000000000000d+01
  0.124049507995691d-03 -0.250000000000000d+01
  0.125296226277757d-03 -0.250000000000000d+01
  0.126555474286864d-03 -0.250000000000000d+01
  0.127827377948863d-03 -0.250000000000000d+01
  0.129112064455180d-03 -0.250000000000000d+01
  0.130409662275537d-03 -0.250000000000000d+01
  0.131720301170796d-03 -0.250000000000000d+01
  0.133044112205939d-03 -0.250000000000000d+01
  0.134381227763174d-03 -0.250000000000000d+01
  0.135731781555169d-03 -0.250000000000000d+01
  0.137095908638430d-03 -0.250000000000000d+01
  0.138473745426802d-03 -0.250000000000000d+01
  0.139865429705112d-03 -0.250000000000000d+01
  0.141271100642948d-03 -0.250000000000000d+01
  0.142690898808574d-03 -0.250000000000000d+01
  0.144124966182990d-03 -0.250000000000000d+01
  0.145573446174129d-03 -0.250000000000000d+01
  0.147036483631197d-03 -0.250000000000000d+01
  0.148514224859159d-03 -0.250000000000000d+01
  0.150006817633369d-03 -0.250000000000000d+01
  0.151514411214349d-03 -0.250000000000000d+01
  0.153037156362713d-03 -0.250000000000000d+01
  0.154575205354244d-03 -0.250000000000000d+01
  0.156128711995124d-03 -0.250000000000000d+01
  0.157697831637310d-03 -0.250000000000000d+01
  0.159282721194076d-03 -0.250000000000000d+01
  0.160883539155698d-03 -0.250000000000000d+01
  0.162500445605305d-03 -0.250000000000000d+01
  0.164133602234890d-03 -0.250000000000000d+01
  0.165783172361477d-03 -0.250000000000000d+01
  0.167449320943453d-03 -0.250000000000000d+01
  0.169132214597065d-03 -0.250000000000000d+01
  0.170832021613081d-03 -0.250000000000000d+01
  0.172548911973619d-03 -0.250000000000000d+01
  0.174283057369145d-03 -0.250000000000000d+01
  0.176034631215645d-03 -0.250000000000000d+01
  0.177803808671962d-03 -0.250000000000000d+01
  0.179590766657316d-03 -0.250000000000000d+01
  0.181395683868996d-03 -0.250000000000000d+01
  0.183218740800227d-03 -0.250000000000000d+01
  0.185060119758220d-03 -0.250000000000000d+01
  0.186920004882406d-03 -0.250000000000000d+01
  0.188798582162848d-03 -0.250000000000000d+01
  0.190696039458838d-03 -0.250000000000000d+01
  0.192612566517689d-03 -0.250000000000000d+01
  0.194548354993702d-03 -0.250000000000000d+01
  0.196503598467339d-03 -0.250000000000000d+01
  0.198478492464576d-03 -0.250000000000000d+01
  0.200473234476458d-03 -0.250000000000000d+01
  0.202488023978850d-03 -0.250000000000000d+01
  0.204523062452381d-03 -0.250000000000000d+01
  0.206578553402593d-03 -0.250000000000000d+01
  0.208654702380295d-03 -0.250000000000000d+01
  0.210751717002114d-03 -0.250000000000000d+01
  0.212869806971261d-03 -0.250000000000000d+01
  0.215009184098496d-03 -0.250000000000000d+01
  0.217170062323317d-03 -0.250000000000000d+01
  0.219352657735345d-03 -0.250000000000000d+01
  0.221557188595942d-03 -0.250000000000000d+01
  0.223783875360030d-03 -0.250000000000000d+01
  0.226032940698141d-03 -0.250000000000000d+01
  0.228304609518683d-03 -0.250000000000000d+01
  0.230599108990431d-03 -0.250000000000000d+01
  0.232916668565245d-03 -0.250000000000000d+01
  0.235257520001014d-03 -0.250000000000000d+01
  0.237621897384831d-03 -0.250000000000000d+01
  0.240010037156405d-03 -0.250000000000000d+01
  0.242422178131705d-03 -0.250000000000000d+01
  0.244858561526836d-03 -0.250000000000000d+01
  0.247319430982170d-03 -0.250000000000000d+01
  0.249805032586702d-03 -0.250000000000000d+01
  0.252315614902664d-03 -0.250000000000000d+01
  0.254851428990381d-03 -0.250000000000000d+01
  0.257412728433373d-03 -0.250000000000000d+01
  0.259999769363720d-03 -0.250000000000000d+01
  0.262612810487671d-03 -0.250000000000000d+01
  0.265252113111515d-03 -0.250000000000000d+01
  0.267917941167714d-03 -0.250000000000000d+01
  0.270610561241296d-03 -0.250000000000000d+01
  0.273330242596511d-03 -0.250000000000000d+01
  0.276077257203762d-03 -0.250000000000000d+01
  0.278851879766799d-03 -0.250000000000000d+01
  0.281654387750190d-03 -0.250000000000000d+01
  0.284485061407068d-03 -0.250000000000000d+01
  0.287344183807159d-03 -0.250000000000000d+01
  0.290232040865085d-03 -0.250000000000000d+01
  0.293148921368958d-03 -0.250000000000000d+01
  0.296095117009260d-03 -0.250000000000000d+01
  0.299070922408009d-03 -0.250000000000000d+01
  0.302076635148226d-03 -0.250000000000000d+01
  0.305112555803689d-03 -0.250000000000000d+01
  0.308178987968993d-03 -0.250000000000000d+01
  0.311276238289911d-03 -0.250000000000000d+01
  0.314404616494056d-03 -0.250000000000000d+01
  0.317564435421855d-03 -0.250000000000000d+01
  0.320756011057834d-03 -0.250000000000000d+01
  0.323979662562217d-03 -0.250000000000000d+01
  0.327235712302839d-03 -0.250000000000000d+01
  0.330524485887390d-03 -0.250000000000000d+01
  0.333846312195967d-03 -0.250000000000000d+01
  0.337201523413969d-03 -0.250000000000000d+01
  0.340590455065316d-03 -0.250000000000000d+01
  0.344013446045995d-03 -0.250000000000000d+01
  0.347470838657958d-03 -0.250000000000000d+01
  0.350962978643346d-03 -0.250000000000000d+01
  0.354490215219069d-03 -0.250000000000000d+01
  0.358052901111723d-03 -0.250000000000001d+01
  0.361651392592867d-03 -0.250000000000001d+01
  0.365286049514647d-03 -0.250000000000001d+01
  0.368957235345785d-03 -0.250000000000001d+01
  0.372665317207923d-03 -0.250000000000001d+01
  0.376410665912337d-03 -0.250000000000001d+01
  0.380193655997019d-03 -0.250000000000001d+01
  0.384014665764130d-03 -0.250000000000001d+01
  0.387874077317830d-03 -0.250000000000001d+01
  0.391772276602492d-03 -0.250000000000001d+01
  0.395709653441292d-03 -0.250000000000001d+01
  0.399686601575195d-03 -0.250000000000001d+01
  0.403703518702329d-03 -0.250000000000001d+01
  0.407760806517754d-03 -0.250000000000001d+01
  0.411858870753632d-03 -0.250000000000001d+01
  0.415998121219803d-03 -0.250000000000001d+01
  0.420178971844762d-03 -0.250000000000001d+01
  0.424401840717056d-03 -0.250000000000001d+01
  0.428667150127091d-03 -0.250000000000001d+01
  0.432975326609362d-03 -0.250000000000001d+01
  0.437326800985108d-03 -0.250000000000001d+01
  0.441722008405393d-03 -0.250000000000001d+01
  0.446161388394622d-03 -0.250000000000001d+01
  0.450645384894492d-03 -0.250000000000001d+01
  0.455174446308391d-03 -0.250000000000001d+01
  0.459749025546234d-03 -0.250000000000001d+01
  0.464369580069757d-03 -0.250000000000002d+01
  0.469036571938263d-03 -0.250000000000002d+01
  0.473750467854828d-03 -0.250000000000002d+01
  0.478511739212972d-03 -0.250000000000002d+01
  0.483320862143798d-03 -0.250000000000002d+01
  0.488178317563607d-03 -0.250000000000002d+01
  0.493084591221989d-03 -0.250000000000002d+01
  0.498040173750399d-03 -0.250000000000002d+01
  0.503045560711219d-03 -0.250000000000002d+01
  0.508101252647315d-03 -0.250000000000002d+01
  0.513207755132096d-03 -0.250000000000002d+01
  0.518365578820064d-03 -0.250000000000002d+01
  0.523575239497887d-03 -0.250000000000002d+01
  0.528837258135974d-03 -0.250000000000003d+01
  0.534152160940574d-03 -0.250000000000003d+01
  0.539520479406396d-03 -0.250000000000003d+01
  0.544942750369761d-03 -0.250000000000003d+01
  0.550419516062283d-03 -0.250000000000003d+01
  0.555951324165096d-03 -0.250000000000003d+01
  0.561538727863619d-03 -0.250000000000003d+01
  0.567182285902880d-03 -0.250000000000003d+01
  0.572882562643384d-03 -0.250000000000004d+01
  0.578640128117556d-03 -0.250000000000004d+01
  0.584455558086742d-03 -0.250000000000004d+01
  0.590329434098784d-03 -0.250000000000004d+01
  0.596262343546179d-03 -0.250000000000004d+01
  0.602254879724816d-03 -0.250000000000004d+01
  0.608307641893306d-03 -0.250000000000004d+01
  0.614421235332910d-03 -0.250000000000005d+01
  0.620596271408067d-03 -0.250000000000005d+01
  0.626833367627529d-03 -0.250000000000005d+01
  0.633133147706118d-03 -0.250000000000005d+01
  0.639496241627089d-03 -0.250000000000005d+01
  0.645923285705139d-03 -0.250000000000006d+01
  0.652414922650030d-03 -0.250000000000006d+01
  0.658971801630868d-03 -0.250000000000006d+01
  0.665594578341013d-03 -0.250000000000006d+01
  0.672283915063657d-03 -0.250000000000007d+01
  0.679040480738045d-03 -0.250000000000007d+01
  0.685864951026376d-03 -0.250000000000007d+01
  0.692758008381366d-03 -0.250000000000008d+01
  0.699720342114494d-03 -0.250000000000008d+01
  0.706752648464936d-03 -0.250000000000008d+01
  0.713855630669187d-03 -0.250000000000008d+01
  0.721029999031386d-03 -0.250000000000009d+01
  0.728276470994349d-03 -0.250000000000009d+01
  0.735595771211310d-03 -0.250000000000010d+01
  0.742988631618391d-03 -0.250000000000010d+01
  0.750455791507793d-03 -0.250000000000010d+01
  0.757997997601728d-03 -0.250000000000011d+01
  0.765616004127090d-03 -0.250000000000011d+01
  0.773310572890881d-03 -0.250000000000012d+01
  0.781082473356388d-03 -0.250000000000012d+01
  0.788932482720134d-03 -0.250000000000013d+01
  0.796861385989599d-03 -0.250000000000013d+01
  0.804869976061716d-03 -0.250000000000014d+01
  0.812959053802167d-03 -0.250000000000014d+01
  0.821129428125466d-03 -0.250000000000015d+01
  0.829381916075854d-03 -0.250000000000015d+01
  0.837717342909004d-03 -0.250000000000016d+01
  0.846136542174544d-03 -0.250000000000017d+01
  0.854640355799419d-03 -0.250000000000017d+01
  0.863229634172076d-03 -0.250000000000018d+01
  0.871905236227510d-03 -0.250000000000019d+01
  0.880668029533158d-03 -0.250000000000020d+01
  0.889518890375651d-03 -0.250000000000020d+01
  0.898458703848450d-03 -0.250000000000021d+01
  0.907488363940352d-03 -0.250000000000022d+01
  0.916608773624890d-03 -0.250000000000023d+01
  0.925820844950635d-03 -0.250000000000024d+01
  0.935125499132394d-03 -0.250000000000025d+01
  0.944523666643341d-03 -0.250000000000026d+01
  0.954016287308057d-03 -0.250000000000027d+01
  0.963604310396521d-03 -0.250000000000028d+01
  0.973288694719030d-03 -0.250000000000029d+01
  0.983070408722088d-03 -0.250000000000030d+01
  0.992950430585247d-03 -0.250000000000032d+01
  0.100292974831892d-02 -0.250000000000033d+01
  0.101300935986321d-02 -0.250000000000034d+01
  0.102319027318766d-02 -0.250000000000036d+01
  0.103347350639210d-02 -0.250000000000037d+01
  0.104386008780840d-02 -0.250000000000039d+01
  0.105435105610337d-02 -0.250000000000040d+01
  0.106494746038257d-02 -0.250000000000042d+01
  0.107565036029528d-02 -0.250000000000044d+01
  0.108646082614039d-02 -0.250000000000045d+01
  0.109737993897351d-02 -0.250000000000047d+01
  0.110840879071500d-02 -0.250000000000049d+01
  0.111954848425925d-02 -0.250000000000051d+01
  0.113080013358488d-02 -0.250000000000053d+01
  0.114216486386621d-02 -0.250000000000055d+01
  0.115364381158573d-02 -0.250000000000058d+01
  0.116523812464778d-02 -0.250000000000060d+01
  0.117694896249334d-02 -0.250000000000062d+01
  0.118877749621593d-02 -0.250000000000065d+01
  0.120072490867880d-02 -0.250000000000068d+01
  0.121279239463315d-02 -0.250000000000070d+01
  0.122498116083762d-02 -0.250000000000073d+01
  0.123729242617899d-02 -0.250000000000076d+01
  0.124972742179407d-02 -0.250000000000079d+01
  0.126228739119276d-02 -0.250000000000083d+01
  0.127497359038249d-02 -0.250000000000086d+01
  0.128778728799374d-02 -0.250000000000089d+01
  0.130072976540694d-02 -0.250000000000093d+01
  0.131380231688063d-02 -0.250000000000097d+01
  0.132700624968085d-02 -0.250000000000101d+01
  0.134034288421188d-02 -0.250000000000105d+01
  0.135381355414828d-02 -0.250000000000109d+01
  0.136741960656828d-02 -0.250000000000114d+01
  0.138116240208846d-02 -0.250000000000118d+01
  0.139504331499982d-02 -0.250000000000123d+01
  0.140906373340522d-02 -0.250000000000128d+01
  0.142322505935818d-02 -0.250000000000133d+01
  0.143752870900311d-02 -0.250000000000139d+01
  0.145197611271688d-02 -0.250000000000145d+01
  0.146656871525190d-02 -0.250000000000150d+01
  0.148130797588060d-02 -0.250000000000156d+01
  0.149619536854131d-02 -0.250000000000163d+01
  0.151123238198571d-02 -0.250000000000170d+01
  0.152642051992767d-02 -0.250000000000176d+01
  0.154176130119364d-02 -0.250000000000184d+01
  0.155725625987454d-02 -0.250000000000191d+01
  0.157290694547915d-02 -0.250000000000199d+01
  0.158871492308906d-02 -0.250000000000207d+01
  0.160468177351522d-02 -0.250000000000216d+01
  0.162080909345597d-02 -0.250000000000224d+01
  0.163709849565674d-02 -0.250000000000233d+01
  0.165355160907133d-02 -0.250000000000243d+01
  0.167017007902479d-02 -0.250000000000253d+01
  0.168695556737797d-02 -0.250000000000263d+01
  0.170390975269368d-02 -0.250000000000274d+01
  0.172103433040460d-02 -0.250000000000285d+01
  0.173833101298275d-02 -0.250000000000297d+01
  0.175580153011082d-02 -0.250000000000309d+01
  0.177344762885507d-02 -0.250000000000321d+01
  0.179127107384009d-02 -0.250000000000335d+01
  0.180927364742522d-02 -0.250000000000348d+01
  0.182745714988282d-02 -0.250000000000363d+01
  0.184582339957830d-02 -0.250000000000377d+01
  0.186437423315193d-02 -0.250000000000393d+01
  0.188311150570253d-02 -0.250000000000409d+01
  0.190203709097296d-02 -0.250000000000425d+01
  0.192115288153752d-02 -0.250000000000443d+01
  0.194046078899120d-02 -0.250000000000461d+01
  0.195996274414084d-02 -0.250000000000480d+01
  0.197966069719820d-02 -0.250000000000499d+01
  0.199955661797500d-02 -0.250000000000520d+01
  0.201965249607990d-02 -0.250000000000541d+01
  0.203995034111746d-02 -0.250000000000563d+01
  0.206045218288910d-02 -0.250000000000586d+01
  0.208116007159607d-02 -0.250000000000610d+01
  0.210207607804451d-02 -0.250000000000635d+01
  0.212320229385249d-02 -0.250000000000660d+01
  0.214454083165920d-02 -0.250000000000687d+01
  0.216609382533619d-02 -0.250000000000716d+01
  0.218786343020081d-02 -0.250000000000745d+01
  0.220985182323167d-02 -0.250000000000775d+01
  0.223206120328640d-02 -0.250000000000807d+01
  0.225449379132152d-02 -0.250000000000840d+01
  0.227715183061452d-02 -0.250000000000874d+01
  0.230003758698821d-02 -0.250000000000910d+01
  0.232315334903731d-02 -0.250000000000947d+01
  0.234650142835728d-02 -0.250000000000985d+01
  0.237008415977551d-02 -0.250000000001026d+01
  0.239390390158479d-02 -0.250000000001067d+01
  0.241796303577916d-02 -0.250000000001111d+01
  0.244226396829208d-02 -0.250000000001156d+01
  0.246680912923706d-02 -0.250000000001204d+01
  0.249160097315064d-02 -0.250000000001253d+01
  0.251664197923788d-02 -0.250000000001304d+01
  0.254193465162026d-02 -0.250000000001357d+01
  0.256748151958608d-02 -0.250000000001412d+01
  0.259328513784343d-02 -0.250000000001470d+01
  0.261934808677564d-02 -0.250000000001530d+01
  0.264567297269934d-02 -0.250000000001592d+01
  0.267226242812503d-02 -0.250000000001657d+01
  0.269911911202043d-02 -0.250000000001725d+01
  0.272624571007631d-02 -0.250000000001795d+01
  0.275364493497507d-02 -0.250000000001869d+01
  0.278131952666204d-02 -0.250000000001945d+01
  0.280927225261946d-02 -0.250000000002024d+01
  0.283750590814320d-02 -0.250000000002107d+01
  0.286602331662235d-02 -0.250000000002193d+01
  0.289482732982153d-02 -0.250000000002282d+01
  0.292392082816605d-02 -0.250000000002376d+01
  0.295330672103000d-02 -0.250000000002473d+01
  0.298298794702714d-02 -0.250000000002573d+01
  0.301296747430483d-02 -0.250000000002678d+01
  0.304324830084075d-02 -0.250000000002788d+01
  0.307383345474281d-02 -0.250000000002902d+01
  0.310472599455188d-02 -0.250000000003020d+01
  0.313592900954769d-02 -0.250000000003143d+01
  0.316744562005773d-02 -0.250000000003272d+01
  0.319927897776933d-02 -0.250000000003405d+01
  0.323143226604478d-02 -0.250000000003544d+01
  0.326390870023970d-02 -0.250000000003689d+01
  0.329671152802458d-02 -0.250000000003839d+01
  0.332984402970953d-02 -0.250000000003996d+01
  0.336330951857233d-02 -0.250000000004159d+01
  0.339711134118975d-02 -0.250000000004329d+01
  0.343125287777223d-02 -0.250000000004505d+01
  0.346573754250187d-02 -0.250000000004689d+01
  0.350056878387389d-02 -0.250000000004881d+01
  0.353575008504145d-02 -0.250000000005080d+01
  0.357128496416397d-02 -0.250000000005287d+01
  0.360717697475900d-02 -0.250000000005503d+01
  0.364342970605749d-02 -0.250000000005727d+01
  0.368004678336279d-02 -0.250000000005961d+01
  0.371703186841314d-02 -0.250000000006204d+01
  0.375438865974787d-02 -0.250000000006458d+01
  0.379212089307724d-02 -0.250000000006721d+01
  0.383023234165603d-02 -0.250000000006995d+01
  0.386872681666086d-02 -0.250000000007281d+01
  0.390760816757130d-02 -0.250000000007578d+01
  0.394688028255485d-02 -0.250000000007887d+01
  0.398654708885573d-02 -0.250000000008209d+01
  0.402661255318764d-02 -0.250000000008544d+01
  0.406708068213038d-02 -0.250000000008893d+01
  0.410795552253058d-02 -0.250000000009256d+01
  0.414924116190635d-02 -0.250000000009634d+01
  0.419094172885601d-02 -0.250000000010027d+01
  0.423306139347103d-02 -0.250000000010436d+01
  0.427560436775295d-02 -0.250000000010862d+01
  0.431857490603467d-02 -0.250000000011305d+01
  0.436197730540581d-02 -0.250000000011766d+01
  0.440581590614249d-02 -0.250000000012247d+01
  0.445009509214130d-02 -0.250000000012747d+01
  0.449481929135776d-02 -0.250000000013267d+01
  0.453999297624905d-02 -0.250000000013808d+01
  0.458562066422130d-02 -0.250000000014372d+01
  0.463170691808133d-02 -0.250000000014958d+01
  0.467825634649295d-02 -0.250000000015569d+01
  0.472527360443777d-02 -0.250000000016204d+01
  0.477276339368078d-02 -0.250000000016865d+01
  0.482073046324047d-02 -0.250000000017554d+01
  0.486917960986378d-02 -0.250000000018270d+01
  0.491811567850573d-02 -0.250000000019016d+01
  0.496754356281398d-02 -0.250000000019792d+01
  0.501746820561814d-02 -0.250000000020599d+01
  0.506789459942411d-02 -0.250000000021440d+01
  0.511882778691327d-02 -0.250000000022315d+01
  0.517027286144683d-02 -0.250000000023226d+01
  0.522223496757511d-02 -0.250000000024173d+01
  0.527471930155203d-02 -0.250000000025160d+01
  0.532773111185471d-02 -0.250000000026187d+01
  0.538127569970837d-02 -0.250000000027256d+01
  0.543535841961641d-02 -0.250000000028368d+01
  0.548998467989589d-02 -0.250000000029526d+01
  0.554515994321837d-02 -0.250000000030731d+01
  0.560088972715615d-02 -0.250000000031985d+01
  0.565717960473407d-02 -0.250000000033290d+01
  0.571403520498680d-02 -0.250000000034649d+01
  0.577146221352173d-02 -0.250000000036063d+01
  0.582946637308759d-02 -0.250000000037534d+01
  0.588805348414865d-02 -0.250000000039066d+01
  0.594722940546487d-02 -0.250000000040660d+01
  0.600700005467766d-02 -0.250000000042320d+01
  0.606737140890178d-02 -0.250000000044047d+01
  0.612834950532295d-02 -0.250000000045845d+01
  0.618994044180162d-02 -0.250000000047715d+01
  0.625215037748278d-02 -0.250000000049663d+01
  0.631498553341182d-02 -0.250000000051689d+01
  0.637845219315671d-02 -0.250000000053799d+01
  0.644255670343632d-02 -0.250000000055995d+01
  0.650730547475508d-02 -0.250000000058280d+01
  0.657270498204409d-02 -0.250000000060658d+01
  0.663876176530857d-02 -0.250000000063134d+01
  0.670548243028191d-02 -0.250000000065710d+01
  0.677287364908619d-02 -0.250000000068392d+01
  0.684094216089947d-02 -0.250000000071183d+01
  0.690969477262964d-02 -0.250000000074088d+01
  0.697913835959517d-02 -0.250000000077112d+01
  0.704927986621262d-02 -0.250000000080259d+01
  0.712012630669112d-02 -0.250000000083534d+01
  0.719168476573375d-02 -0.250000000086943d+01
  0.726396239924604d-02 -0.250000000090491d+01
  0.733696643505157d-02 -0.250000000094184d+01
  0.741070417361477d-02 -0.250000000098028d+01
  0.748518298877094d-02 -0.250000000102029d+01
  0.756041032846366d-02 -0.250000000106193d+01
  0.763639371548959d-02 -0.250000000110526d+01
  0.771314074825075d-02 -0.250000000115037d+01
  0.779065910151438d-02 -0.250000000119732d+01
  0.786895652718039d-02 -0.250000000124618d+01
  0.794804085505661d-02 -0.250000000129704d+01
  0.802791999364172d-02 -0.250000000134997d+01
  0.810860193091615d-02 -0.250000000140507d+01
  0.819009473514087d-02 -0.250000000146241d+01
  0.827240655566419d-02 -0.250000000152209d+01
  0.835554562373679d-02 -0.250000000158421d+01
  0.843952025333473d-02 -0.250000000164886d+01
  0.852433884199096d-02 -0.250000000171615d+01
  0.861000987163504d-02 -0.250000000178619d+01
  0.869654190944130d-02 -0.250000000185908d+01
  0.878394360868566d-02 -0.250000000193495d+01
  0.887222370961086d-02 -0.250000000201392d+01
  0.896139104030056d-02 -0.250000000209611d+01
  0.905145451756215d-02 -0.250000000218166d+01
  0.914242314781840d-02 -0.250000000227069d+01
  0.923430602800814d-02 -0.250000000236336d+01
  0.932711234649596d-02 -0.250000000245981d+01
  0.942085138399105d-02 -0.250000000256020d+01
  0.951553251447527d-02 -0.250000000266468d+01
  0.961116520614058d-02 -0.250000000277343d+01
  0.970775902233584d-02 -0.250000000288661d+01
  0.980532362252315d-02 -0.250000000300442d+01
  0.990386876324385d-02 -0.250000000312703d+01
  0.100034042990941d-01 -0.250000000325465d+01
  0.101039401837105d-01 -0.250000000338747d+01
  0.102054864707652d-01 -0.250000000352572d+01
  0.103080533149716d-01 -0.250000000366960d+01
  0.104116509730996d-01 -0.250000000381936d+01
  0.105162898050013d-01 -0.250000000397523d+01
  0.106219802746471d-01 -0.250000000413746d+01
  0.107287329511720d-01 -0.250000000430632d+01
  0.108365585099327d-01 -0.250000000448206d+01
  0.109454677335749d-01 -0.250000000466498d+01
  0.110554715131117d-01 -0.250000000485536d+01
  0.111665808490127d-01 -0.250000000505351d+01
  0.112788068523042d-01 -0.250000000525975d+01
  0.113921607456799d-01 -0.250000000547440d+01
  0.115066538646237d-01 -0.250000000569781d+01
  0.116222976585429d-01 -0.250000000593035d+01
  0.117391036919131d-01 -0.250000000617237d+01
  0.118570836454352d-01 -0.250000000642427d+01
  0.119762493172028d-01 -0.250000000668644d+01
  0.120966126238824d-01 -0.250000000695932d+01
  0.122181856019048d-01 -0.250000000724334d+01
  0.123409804086694d-01 -0.250000000753894d+01
  0.124650093237589d-01 -0.250000000784661d+01
  0.125902847501684d-01 -0.250000000816684d+01
  0.127168192155449d-01 -0.250000000850013d+01
  0.128446253734402d-01 -0.250000000884703d+01
  0.129737160045769d-01 -0.250000000920808d+01
  0.131041040181254d-01 -0.250000000958387d+01
  0.132358024529959d-01 -0.250000000997500d+01
  0.133688244791415d-01 -0.250000001038208d+01
  0.135031833988758d-01 -0.250000001080578d+01
  0.136388926482027d-01 -0.250000001124677d+01
  0.137759657981601d-01 -0.250000001170576d+01
  0.139144165561774d-01 -0.250000001218348d+01
  0.140542587674457d-01 -0.250000001268070d+01
  0.141955064163027d-01 -0.250000001319821d+01
  0.143381736276309d-01 -0.250000001373683d+01
  0.144822746682704d-01 -0.250000001429744d+01
  0.146278239484453d-01 -0.250000001488093d+01
  0.147748360232050d-01 -0.250000001548823d+01
  0.149233255938794d-01 -0.250000001612032d+01
  0.150733075095493d-01 -0.250000001677820d+01
  0.152247967685313d-01 -0.250000001746292d+01
  0.153778085198776d-01 -0.250000001817560d+01
  0.155323580648907d-01 -0.250000001891736d+01
  0.156884608586540d-01 -0.250000001968939d+01
  0.158461325115769d-01 -0.250000002049292d+01
  0.160053887909561d-01 -0.250000002132925d+01
  0.161662456225523d-01 -0.250000002219971d+01
  0.163287190921826d-01 -0.250000002310570d+01
  0.164928254473295d-01 -0.250000002404865d+01
  0.166585810987652d-01 -0.250000002503009d+01
  0.168260026221929d-01 -0.250000002605159d+01
  0.169951067599046d-01 -0.250000002711477d+01
  0.171659104224549d-01 -0.250000002822134d+01
  0.173384306903525d-01 -0.250000002937307d+01
  0.175126848157678d-01 -0.250000003057180d+01
  0.176886902242586d-01 -0.250000003181946d+01
  0.178664645165125d-01 -0.250000003311803d+01
  0.180460254701068d-01 -0.250000003446959d+01
  0.182273910412865d-01 -0.250000003587632d+01
  0.184105793667599d-01 -0.250000003734045d+01
  0.185956087655122d-01 -0.250000003886434d+01
  0.187824977406374d-01 -0.250000004045041d+01
  0.189712649811888d-01 -0.250000004210122d+01
  0.191619293640478d-01 -0.250000004381939d+01
  0.193545099558115d-01 -0.250000004560769d+01
  0.195490260146996d-01 -0.250000004746897d+01
  0.197454969924801d-01 -0.250000004940620d+01
  0.199439425364144d-01 -0.250000005142250d+01
  0.201443824912224d-01 -0.250000005352108d+01
  0.203468369010666d-01 -0.250000005570530d+01
  0.205513260115566d-01 -0.250000005797866d+01
  0.207578702717740d-01 -0.250000006034480d+01
  0.209664903363168d-01 -0.250000006280751d+01
  0.211772070673654d-01 -0.250000006537072d+01
  0.213900415367684d-01 -0.250000006803853d+01
  0.216050150281502d-01 -0.250000007081522d+01
  0.218221490390391d-01 -0.250000007370522d+01
  0.220414652830171d-01 -0.250000007671317d+01
  0.222629856918913d-01 -0.250000007984387d+01
  0.224867324178872d-01 -0.250000008310234d+01
  0.227127278358640d-01 -0.250000008649379d+01
  0.229409945455516d-01 -0.250000009002364d+01
  0.231715553738114d-01 -0.250000009369755d+01
  0.234044333769183d-01 -0.250000009752140d+01
  0.236396518428666d-01 -0.250000010150129d+01
  0.238772342936989d-01 -0.250000010564361d+01
  0.241172044878584d-01 -0.250000010995497d+01
  0.243595864225645d-01 -0.250000011444228d+01
  0.246044043362125d-01 -0.250000011911272d+01
  0.248516827107978d-01 -0.250000012397377d+01
  0.251014462743641d-01 -0.250000012903319d+01
  0.253537200034757d-01 -0.250000013429909d+01
  0.256085291257158d-01 -0.250000013977989d+01
  0.258658991222091d-01 -0.250000014548437d+01
  0.261258557301695d-01 -0.250000015142164d+01
  0.263884249454746d-01 -0.250000015760122d+01
  0.266536330252646d-01 -0.250000016403299d+01
  0.269215064905686d-01 -0.250000017072724d+01
  0.271920721289563d-01 -0.250000017769468d+01
  0.274653569972171d-01 -0.250000018494646d+01
  0.277413884240655d-01 -0.250000019249419d+01
  0.280201940128741d-01 -0.250000020034995d+01
  0.283018016444343d-01 -0.250000020852630d+01
  0.285862394797438d-01 -0.250000021703633d+01
  0.288735359628233d-01 -0.250000022589365d+01
  0.291637198235604d-01 -0.250000023511244d+01
  0.294568200805831d-01 -0.250000024470745d+01
  0.297528660441612d-01 -0.250000025469404d+01
  0.300518873191379d-01 -0.250000026508817d+01
  0.303539138078898d-01 -0.250000027590649d+01
  0.306589757133175d-01 -0.250000028716631d+01
  0.309671035418658d-01 -0.250000029888564d+01
  0.312783281065743d-01 -0.250000031108324d+01
  0.315926805301588d-01 -0.250000032377862d+01
  0.319101922481236d-01 -0.250000033699210d+01
  0.322308950119052d-01 -0.250000035074482d+01
  0.325548208920471d-01 -0.250000036505878d+01
  0.328820022814073d-01 -0.250000037995690d+01
  0.332124718983975d-01 -0.250000039546301d+01
  0.335462627902546d-01 -0.250000041160192d+01
  0.338834083363461d-01 -0.250000042839946d+01
  0.342239422515074d-01 -0.250000044588250d+01
  0.345678985894140d-01 -0.250000046407902d+01
  0.349153117459862d-01 -0.250000048301814d+01
  0.352662164628292d-01 -0.250000050273015d+01
  0.356206478307070d-01 -0.250000052324662d+01
  0.359786412930519d-01 -0.250000054460035d+01
  0.363402326495085d-01 -0.250000056682552d+01
  0.367054580595136d-01 -0.250000058995769d+01
  0.370743540459126d-01 -0.250000061403388d+01
  0.374469574986116d-01 -0.250000063909261d+01
  0.378233056782664d-01 -0.250000066517398d+01
  0.382034362200085d-01 -0.250000069231972d+01
  0.385873871372090d-01 -0.250000072057326d+01
  0.389751968252794d-01 -0.250000074997982d+01
  0.393669040655118d-01 -0.250000078058645d+01
  0.397625480289566d-01 -0.250000081244211d+01
  0.401621682803398d-01 -0.250000084559779d+01
  0.405658047820197d-01 -0.250000088010654d+01
  0.409734978979828d-01 -0.250000091602356d+01
  0.413852883978803d-01 -0.250000095340634d+01
  0.418012174611055d-01 -0.250000099231468d+01
  0.422213266809112d-01 -0.250000103281085d+01
  0.426456580685696d-01 -0.250000107495964d+01
  0.430742540575730d-01 -0.250000111882849d+01
  0.435071575078776d-01 -0.250000116448759d+01
  0.439444117101889d-01 -0.250000121201000d+01
  0.443860603902918d-01 -0.250000126147177d+01
  0.448321477134222d-01 -0.250000131295202d+01
  0.452827182886842d-01 -0.250000136653314d+01
  0.457378171735108d-01 -0.250000142230086d+01
  0.461974898781697d-01 -0.250000148034440d+01
  0.466617823703144d-01 -0.250000154075664d+01
  0.471307410795812d-01 -0.250000160363424d+01
  0.476044129022316d-01 -0.250000166907780d+01
  0.480828452058428d-01 -0.250000173719205d+01
  0.485660858340437d-01 -0.250000180808596d+01
  0.490541831112999d-01 -0.250000188187296d+01
  0.495471858477458d-01 -0.250000195867113d+01
  0.500451433440660d-01 -0.250000203860332d+01
  0.505481053964250d-01 -0.250000212179745d+01
  0.510561223014472d-01 -0.250000220838661d+01
  0.515692448612464d-01 -0.250000229850935d+01
  0.520875243885063d-01 -0.250000239230987d+01
  0.526110127116115d-01 -0.250000248993825d+01
  0.531397621798305d-01 -0.250000259155070d+01
  0.536738256685507d-01 -0.250000269730978d+01
  0.542132565845662d-01 -0.250000280738472d+01
  0.547581088714179d-01 -0.250000292195163d+01
  0.553084370147887d-01 -0.250000304119382d+01
  0.558642960479515d-01 -0.250000316530206d+01
  0.564257415572729d-01 -0.250000329447493d+01
  0.569928296877715d-01 -0.250000342891910d+01
  0.575656171487332d-01 -0.250000356884967d+01
  0.581441612193812d-01 -0.250000371449052d+01
  0.587285197546048d-01 -0.250000386607468d+01
  0.593187511907444d-01 -0.250000402384465d+01
  0.599149145514356d-01 -0.250000418805288d+01
  0.605170694535111d-01 -0.250000435896206d+01
  0.611252761129631d-01 -0.250000453684566d+01
  0.617395953509643d-01 -0.250000472198825d+01
  0.623600885999504d-01 -0.250000491468606d+01
  0.629868179097634d-01 -0.250000511524738d+01
  0.636198459538566d-01 -0.250000532399308d+01
  0.642592360355619d-01 -0.250000554125713d+01
  0.649050520944203d-01 -0.250000576738714d+01
  0.655573587125758d-01 -0.250000600274487d+01
  0.662162211212339d-01 -0.250000624770687d+01
  0.668817052071846d-01 -0.250000650266504d+01
  0.675538775193908d-01 -0.250000676802727d+01
  0.682328052756441d-01 -0.250000704421811d+01
  0.689185563692858d-01 -0.250000733167940d+01
  0.696111993759968d-01 -0.250000763087103d+01
  0.703108035606549d-01 -0.250000794227167d+01
  0.710174388842616d-01 -0.250000826637947d+01
  0.717311760109381d-01 -0.250000860371296d+01
  0.724520863149919d-01 -0.250000895481179d+01
  0.731802418880541d-01 -0.250000932023764d+01
  0.739157155462889d-01 -0.250000970057512d+01
  0.746585808376749d-01 -0.250001009643265d+01
  0.754089120493604d-01 -0.250001050844353d+01
  0.761667842150918d-01 -0.250001093726686d+01
  0.769322731227173d-01 -0.250001138358863d+01
  0.777054553217654d-01 -0.250001184812285d+01
  0.784864081311005d-01 -0.250001233161261d+01
  0.792752096466543d-01 -0.250001283483137d+01
  0.800719387492356d-01 -0.250001335858411d+01
  0.808766751124187d-01 -0.250001390370867d+01
  0.816894992105104d-01 -0.250001447107705d+01
  0.825104923265981d-01 -0.250001506159685d+01
  0.833397365606773d-01 -0.250001567621269d+01
  0.841773148378627d-01 -0.250001631590772d+01
  0.850233109166798d-01 -0.250001698170519d+01
  0.858778093974416d-01 -0.250001767467012d+01
  0.867408957307082d-01 -0.250001839591097d+01
  0.876126562258322d-01 -0.250001914658140d+01
  0.884931780595896d-01 -0.250001992788215d+01
  0.893825492848975d-01 -0.250002074106295d+01
  0.902808588396196d-01 -0.250002158742450d+01
  0.911881965554600d-01 -0.250002246832057d+01
  0.921046531669463d-01 -0.250002338516013d+01
  0.930303203205034d-01 -0.250002433940965d+01
  0.939652905836181d-01 -0.250002533259542d+01
  0.949096574540959d-01 -0.250002636630599d+01
  0.958635153694107d-01 -0.250002744219469d+01
  0.968269597161490d-01 -0.250002856198232d+01
  0.978000868395483d-01 -0.250002972745985d+01
  0.987829940531319d-01 -0.250003094049131d+01
  0.997757796484402d-01 -0.250003220301677d+01
  0.100778542904860d+00 -0.250003351705543d+01
  0.101791384099553d+00 -0.250003488470884d+01
  0.102814404517482d+00 -0.250003630816430d+01
  0.103847706461542d+00 -0.250003778969828d+01
  0.104891393262788d+00 -0.250003933168013d+01
  0.105945569290770d+00 -0.250004093657583d+01
  0.107010339963970d+00 -0.250004260695195d+01
  0.108085811760342d+00 -0.250004434547971d+01
  0.109172092227961d+00 -0.250004615493930d+01
  0.110269289995780d+00 -0.250004803822429d+01
  0.111377514784490d+00 -0.250004999834625d+01
  0.112496877417494d+00 -0.250005203843959d+01
  0.113627489831987d+00 -0.250005416176652d+01
  0.114769465090153d+00 -0.250005637172231d+01
  0.115922917390469d+00 -0.250005867184069d+01
  0.117087962079128d+00 -0.250006106579949d+01
  0.118264715661568d+00 -0.250006355742651d+01
  0.119453295814128d+00 -0.250006615070565d+01
  0.120653821395815d+00 -0.250006884978327d+01
  0.121866412460186d+00 -0.250007165897480d+01
  0.123091190267359d+00 -0.250007458277162d+01
  0.124328277296135d+00 -0.250007762584826d+01
  0.125577797256248d+00 -0.250008079306986d+01
  0.126839875100735d+00 -0.250008408949992d+01
  0.128114637038432d+00 -0.250008752040837d+01
  0.129402210546596d+00 -0.250009109128002d+01
  0.130702724383650d+00 -0.250009480782331d+01
  0.132016308602062d+00 -0.250009867597938d+01
  0.133343094561348d+00 -0.250010270193159d+01
  0.134683214941209d+00 -0.250010689211538d+01
  0.136036803754801d+00 -0.250011125322854d+01
  0.137403996362133d+00 -0.250011579224189d+01
  0.138784929483605d+00 -0.250012051641041d+01
  0.140179741213680d+00 -0.250012543328480d+01
  0.141588571034693d+00 -0.250013055072353d+01
  0.143011559830800d+00 -0.250013587690540d+01
  0.144448849902067d+00 -0.250014142034255d+01
  0.145900584978698d+00 -0.250014718989407d+01
  0.147366910235412d+00 -0.250015319478006d+01
  0.148847972305956d+00 -0.250015944459645d+01
  0.150343919297770d+00 -0.250016594933015d+01
  0.151854900806801d+00 -0.250017271937512d+01
  0.153381067932460d+00 -0.250017976554883d+01
  0.154922573292729d+00 -0.250018709910954d+01
  0.156479571039430d+00 -0.250019473177426d+01
  0.158052216873635d+00 -0.250020267573739d+01
  0.159640668061238d+00 -0.250021094369016d+01
  0.161245083448682d+00 -0.250021954884086d+01
  0.162865623478842d+00 -0.250022850493589d+01
  0.164502450207071d+00 -0.250023782628159d+01
  0.166155727317407d+00 -0.250024752776712d+01
  0.167825620138939d+00 -0.250025762488809d+01
  0.169512295662339d+00 -0.250026813377126d+01
  0.171215922556567d+00 -0.250027907120023d+01
  0.172936671185730d+00 -0.250029045464211d+01
  0.174674713626127d+00 -0.250030230227535d+01
  0.176430223683448d+00 -0.250031463301866d+01
  0.178203376910164d+00 -0.250032746656110d+01
  0.179994350623074d+00 -0.250034082339339d+01
  0.181803323921042d+00 -0.250035472484052d+01
  0.183630477702906d+00 -0.250036919309563d+01
  0.185475994685566d+00 -0.250038425125532d+01
  0.187340059422258d+00 -0.250039992335633d+01
  0.189222858321010d+00 -0.250041623441377d+01
  0.191124579663280d+00 -0.250043321046084d+01
  0.193045413622787d+00 -0.250045087859019d+01
  0.194985552284528d+00 -0.250046926699693d+01
  0.196945189663987d+00 -0.250048840502344d+01
  0.198924521726533d+00 -0.250050832320590d+01
  0.200923746407023d+00 -0.250052905332278d+01
  0.202943063629590d+00 -0.250055062844527d+01
  0.204982675327640d+00 -0.250057308298968d+01
  0.207042785464043d+00 -0.250059645277208d+01
  0.209123600051528d+00 -0.250062077506507d+01
  0.211225327173289d+00 -0.250064608865681d+01
  0.213348177003788d+00 -0.250067243391254d+01
  0.215492361829779d+00 -0.250069985283846d+01
  0.217658096071530d+00 -0.250072838914829d+01
  0.219845596304271d+00 -0.250075808833245d+01
  0.222055081279848d+00 -0.250078899773002d+01
  0.224286771948598d+00 -0.250082116660367d+01
  0.226540891481451d+00 -0.250085464621753d+01
  0.228817665292236d+00 -0.250088948991825d+01
  0.231117321060232d+00 -0.250092575321927d+01
  0.233440088752932d+00 -0.250096349388849d+01
  0.235786200649042d+00 -0.250100277203955d+01
  0.238155891361706d+00 -0.250104365022661d+01
  0.240549397861970d+00 -0.250108619354312d+01
  0.242966959502479d+00 -0.250113046972437d+01
  0.245408818041411d+00 -0.250117654925432d+01
  0.247875217666656d+00 -0.250122450547661d+01
  0.250366405020230d+00 -0.250127441471003d+01
  0.252882629222946d+00 -0.250132635636864d+01
  0.255424141899320d+00 -0.250138041308666d+01
  0.257991197202739d+00 -0.250143667084842d+01
  0.260584051840871d+00 -0.250149521912339d+01
  0.263202965101341d+00 -0.250155615100671d+01
  0.265848198877658d+00 -0.250161956336526d+01
  0.268520017695403d+00 -0.250168555698959d+01
  0.271218688738686d+00 -0.250175423675185d+01
  0.273944481876859d+00 -0.250182571177006d+01
  0.276697669691507d+00 -0.250190009557890d+01
  0.279478527503706d+00 -0.250197750630722d+01
  0.282287333401556d+00 -0.250205806686273d+01
  0.285124368267986d+00 -0.250214190512383d+01
  0.287989915808847d+00 -0.250222915413921d+01
  0.290884262581281d+00 -0.250231995233526d+01
  0.293807698022378d+00 -0.250241444373166d+01
  0.296760514478118d+00 -0.250251277816553d+01
  0.299743007232607d+00 -0.250261511152443d+01
  0.302755474537605d+00 -0.250272160598844d+01
  0.305798217642355d+00 -0.250283243028190d+01
  0.308871540823701d+00 -0.250294775993493d+01
  0.311975751416524d+00 -0.250306777755525d+01
  0.315111159844469d+00 -0.250319267311066d+01
  0.318278079650992d+00 -0.250332264422254d+01
  0.321476827530712d+00 -0.250345789647086d+01
  0.324707723361084d+00 -0.250359864371103d+01
  0.327971090234383d+00 -0.250374510840312d+01
  0.331267254490015d+00 -0.250389752195387d+01
  0.334596545747153d+00 -0.250405612507199d+01
  0.337959296937698d+00 -0.250422116813716d+01
  0.341355844339569d+00 -0.250439291158336d+01
  0.344786527610339d+00 -0.250457162629697d+01
  0.348251689821193d+00 -0.250475759403016d+01
  0.351751677491240d+00 -0.250495110783022d+01
  0.355286840622163d+00 -0.250515247248530d+01
  0.358857532733222d+00 -0.250536200498720d+01
  0.362464110896603d+00 -0.250558003501187d+01
  0.366106935773129d+00 -0.250580690541813d+01
  0.369786371648321d+00 -0.250604297276532d+01
  0.373502786468835d+00 -0.250628860785062d+01
  0.377256551879249d+00 -0.250654419626653d+01
  0.381048043259233d+00 -0.250681013897946d+01
  0.384877639761083d+00 -0.250708685292995d+01
  0.388745724347643d+00 -0.250737477165530d+01
  0.392652683830592d+00 -0.250767434593550d+01
  0.396598908909137d+00 -0.250798604446312d+01
  0.400584794209072d+00 -0.250831035453791d+01
  0.404610738322250d+00 -0.250864778278711d+01
  0.408677143846438d+00 -0.250899885591215d+01
  0.412784417425575d+00 -0.250936412146266d+01
  0.416932969790443d+00 -0.250974414863867d+01
  0.421123215799735d+00 -0.251013952912185d+01
  0.425355574481545d+00 -0.251055087793673d+01
  0.429630469075266d+00 -0.251097883434287d+01
  0.433948327073922d+00 -0.251142406275880d+01
  0.438309580266910d+00 -0.251188725371881d+01
  0.442714664783184d+00 -0.251236912486350d+01
  0.447164021134867d+00 -0.251287042196505d+01
  0.451658094261300d+00 -0.251339191998823d+01
  0.456197333573543d+00 -0.251393442418819d+01
  0.460782192999309d+00 -0.251449877124591d+01
  0.465413131028362d+00 -0.251508583044245d+01
  0.470090610758363d+00 -0.251569650487290d+01
  0.474815099941183d+00 -0.251633173270119d+01
  0.479587071029677d+00 -0.251699248845648d+01
  0.484407001224932d+00 -0.251767978437251d+01
  0.489275372523984d+00 -0.251839467177046d+01
  0.494192671768018d+00 -0.251913824248669d+01
  0.499159390691058d+00 -0.251991163034597d+01
  0.504176025969135d+00 -0.252071601268128d+01
  0.509243079269956d+00 -0.252155261190104d+01
  0.514361057303076d+00 -0.252242269710450d+01
  0.519530471870561d+00 -0.252332758574626d+01
  0.524751839918177d+00 -0.252426864535037d+01
  0.530025683587079d+00 -0.252524729527498d+01
  0.535352530266029d+00 -0.252626500852784d+01
  0.540732912644135d+00 -0.252732331363330d+01
  0.546167368764117d+00 -0.252842379655118d+01
  0.551656442076117d+00 -0.252956810264770d+01
  0.557200681492040d+00 -0.253075793871876d+01
  0.562800641440447d+00 -0.253199507506534d+01
  0.568456881922000d+00 -0.253328134762117d+01
  0.574169968565462d+00 -0.253461866013201d+01
  0.579940472684256d+00 -0.253600898638623d+01
  0.585768971333604d+00 -0.253745437249573d+01
  0.591656047368228d+00 -0.253895693922631d+01
  0.597602289500637d+00 -0.254051888437616d+01
  0.603608292360000d+00 -0.254214248520077d+01
  0.609674656551607d+00 -0.254383010088236d+01
  0.615801988716934d+00 -0.254558417504160d+01
  0.621990901594302d+00 -0.254740723828862d+01
  0.628242014080157d+00 -0.254930191081038d+01
  0.634555951290956d+00 -0.255127090499054d+01
  0.640933344625684d+00 -0.255331702805755d+01
  0.647374831828986d+00 -0.255544318475616d+01
  0.653881057054953d+00 -0.255765238003682d+01
  0.660452670931527d+00 -0.255994772175665d+01
  0.667090330625574d+00 -0.256233242338486d+01
  0.673794699908594d+00 -0.256480980670490d+01
  0.680566449223102d+00 -0.256738330450410d+01
  0.687406255749674d+00 -0.257005646324119d+01
  0.694314803474660d+00 -0.257283294568033d+01
  0.701292783258592d+00 -0.257571653347947d+01
  0.708340892905262d+00 -0.257871112971926d+01
  0.715459837231508d+00 -0.258182076135735d+01
  0.722650328137696d+00 -0.258504958159119d+01
  0.729913084678909d+00 -0.258840187211094d+01
  0.737248833136853d+00 -0.259188204522167d+01
  0.744658307092486d+00 -0.259549464581267d+01
  0.752142247499379d+00 -0.259924435314863d+01
  0.759701402757809d+00 -0.260313598245569d+01
  0.767336528789602d+00 -0.260717448627220d+01
  0.775048389113723d+00 -0.261136495553136d+01
  0.782837754922631d+00 -0.261571262033969d+01
  0.790705405159398d+00 -0.262022285041204d+01
  0.798652126595605d+00 -0.262490115511983d+01
  0.806678713910017d+00 -0.262975318310568d+01
  0.814785969768054d+00 -0.263478472141288d+01
  0.822974704902059d+00 -0.264000169407388d+01
  0.831245738192369d+00 -0.264541016009679d+01
  0.839599896749205d+00 -0.265101631078344d+01
  0.848038015995384d+00 -0.265682646630718d+01
  0.856560939749864d+00 -0.266284707147197d+01
  0.865169520312122d+00 -0.266908469056790d+01
  0.873864618547389d+00 -0.267554600123137d+01
  0.882647103972732d+00 -0.268223778721027d+01
  0.891517854844015d+00 -0.268916692992670d+01
  0.900477758243717d+00 -0.269634039872127d+01
  0.909527710169643d+00 -0.270376523965375d+01
  0.918668615624529d+00 -0.271144856272558d+01
  0.927901388706536d+00 -0.271939752737946d+01
  0.937226952700669d+00 -0.272761932612085d+01
  0.946646240171096d+00 -0.273612116609512d+01
  0.956160193054415d+00 -0.274491024844267d+01
  0.965769762753842d+00 -0.275399374524251d+01
  0.975475910234355d+00 -0.276337877384273d+01
  0.985279606118792d+00 -0.277307236836359d+01
  0.995181830784909d+00 -0.278308144814694d+01
  0.100518357446342d+01 -0.279341278291273d+01
  0.101528583733704d+01 -0.280407295437126d+01
  0.102548962964047d+01 -0.281506831402794d+01
  0.103579597176144d+01 -0.282640493690578d+01
  0.104620589434275d+01 -0.283808857090077d+01
  0.105672043838534d+01 -0.285012458147579d+01
  0.106734065535236d+01 -0.286251789139176d+01
  0.107806760727438d+01 -0.287527291516892d+01
  0.108890236685552d+01 -0.288839348796905d+01
  0.109984601758076d+01 -0.290188278858996d+01
  0.111089965382430d+01 -0.291574325626849d+01
  0.112206438095898d+01 -0.292997650099817d+01
  0.113334131546681d+01 -0.294458320708327d+01
  0.114473158505065d+01 -0.295956302967353d+01
  0.115623632874693d+01 -0.297491448405449d+01
  0.116785669703962d+01 -0.299063482750845d+01
  0.117959385197523d+01 -0.300671993361186d+01
  0.119144896727904d+01 -0.302316415889807d+01
  0.120342322847246d+01 -0.303996020189173d+01
  0.121551783299157d+01 -0.305709895461398d+01
  0.122773399030692d+01 -0.307456934676815d+01
  0.124007292204442d+01 -0.309235818294605d+01
  0.125253586210752d+01 -0.311044997334629d+01
  0.126512405680061d+01 -0.312882675867144d+01
  0.127783876495366d+01 -0.314746793007072d+01
  0.129068125804807d+01 -0.316635004522229d+01
  0.130365282034386d+01 -0.318544664190444d+01
  0.131675474900806d+01 -0.320472805068945d+01
  0.132998835424446d+01 -0.322416120870836d+01
  0.134335495942462d+01 -0.324370947677851d+01
  0.135685590122018d+01 -0.326333246255810d+01
  0.137049252973658d+01 -0.328298585279056d+01
  0.138426620864804d+01 -0.330262125812300d+01
  0.139817831533392d+01 -0.332218607442253d+01
  0.141223024101648d+01 -0.334162336496468d+01
  0.142642339090001d+01 -0.336087176832148d+01
  0.144075918431133d+01 -0.337986543722081d+01
  0.145523905484170d+01 -0.339853401407075d+01
  0.146986445049027d+01 -0.341680264922615d+01
  0.148463683380878d+01 -0.343459206839988d+01
  0.149955768204786d+01 -0.345181869586743d+01
  0.151462848730479d+01 -0.346839484025438d+01
  0.152985075667265d+01 -0.348422894970588d+01
  0.154522601239105d+01 -0.349922594308538d+01
  0.156075579199838d+01 -0.351328762350607d+01
  0.157644164848555d+01 -0.352631317993134d+01
  0.159228515045127d+01 -0.353819978175986d+01
  0.160828788225894d+01 -0.354884327020714d+01
  0.162445144419509d+01 -0.355813894888551d+01
  0.164077745262937d+01 -0.356598247424869d+01
  0.165726754017623d+01 -0.357227084449585d+01
  0.167392335585816d+01 -0.357690348312323d+01
  0.169074656527063d+01 -0.357978341058369d+01
  0.170773885074858d+01 -0.358081849449317d+01
  0.172490191153473d+01 -0.357992276555746d+01
  0.174223746394946d+01 -0.357701778294590d+01
  0.175974724156245d+01 -0.357203402929929d+01
  0.177743299536605d+01 -0.356491231203150d+01
  0.179529649395039d+01 -0.355560514419286d+01
  0.181333952368022d+01 -0.354407807504905d+01
  0.183156388887353d+01 -0.353031093784118d+01
  0.184997141198204d+01 -0.351429898009064d+01
  0.186856393377339d+01 -0.349605384044661d+01
  0.188734331351526d+01 -0.347560433559236d+01
  0.190631142916128d+01 -0.345299702124877d+01
  0.192547017753881d+01 -0.342829649293623d+01
  0.194482147453865d+01 -0.340158539493438d+01
  0.196436725530665d+01 -0.337296410982403d+01
  0.198410947443715d+01 -0.334255010607310d+01
  0.200405010616852d+01 -0.331047692725420d+01
  0.202419114458056d+01 -0.327689281353592d+01
  0.204453460379389d+01 -0.324195895392655d+01
  0.206508251817138d+01 -0.320584737622101d+01
  0.208583694252159d+01 -0.316873849059061d+01
  0.210679995230427d+01 -0.313081831221590d+01
  0.212797364383784d+01 -0.309227539836738d+01
  0.214936013450912d+01 -0.305329754614333d+01
  0.217096156298498d+01 -0.301406830917376d+01
  0.219278008942629d+01 -0.297476340580510d+01
  0.221481789570386d+01 -0.293554710877787d+01
  0.223707718561669d+01 -0.289656872882271d+01
  0.225956018511232d+01 -0.285795933402530d+01
  0.228226914250943d+01 -0.281982888583194d+01
  0.230520632872269d+01 -0.278226402420767d+01
  0.232837403748983d+01 -0.274532680209028d+01
  0.235177458560105d+01 -0.270905475644495d+01
  0.237541031313064d+01 -0.267346281339430d+01
  0.239928358367105d+01 -0.263854766125864d+01
  0.242339678456925d+01 -0.260429526459012d+01
  0.244775232716541d+01 -0.257068908595609d+01
  0.247235264703408d+01 -0.253771284500371d+01
  0.249720020422776d+01 -0.250535059729716d+01
  0.252229748352286d+01 -0.247358670420485d+01
  0.254764699466824d+01 -0.244240580300518d+01
  0.257325127263614d+01 -0.241179277853155d+01
  0.259911287787568d+01 -0.238173273576122d+01
  0.262523439656894d+01 -0.235221097440474d+01
  0.265161844088957d+01 -0.232321296504506d+01
  0.267826764926397d+01 -0.229472432771088d+01
  0.270518468663519d+01 -0.226673081258557d+01
  0.273237224472941d+01 -0.223921828385023d+01
  0.275983304232508d+01 -0.221217270585770d+01
  0.278756982552486d+01 -0.218558013344734d+01
  0.281558536803017d+01 -0.215942670478629d+01
  0.284388247141861d+01 -0.213369863899925d+01
  0.287246396542410d+01 -0.210838223622462d+01
  0.290133270821986d+01 -0.208346388391382d+01
  0.293049158670424d+01 -0.205893007273961d+01
  0.295994351678936d+01 -0.203476737585268d+01
  0.298969144369279d+01 -0.201096253479936d+01
  0.301973834223201d+01 -0.198750241239499d+01
  0.305008721712191d+01 -0.196437405607096d+01
  0.308074110327527d+01 -0.194156471837310d+01
  0.311170306610626d+01 -0.191906189088970d+01
  0.314297620183694d+01 -0.189685334067534d+01
  0.317456363780697d+01 -0.187492714869260d+01
  0.320646853278625d+01 -0.185327175046208d+01
  0.323869407729088d+01 -0.183187597733486d+01
  0.327124349390216d+01 -0.181072909845383d+01
  0.330412003758887d+01 -0.178982086171758d+01
  0.333732699603279d+01 -0.176914153370278d+01
  0.337086768995742d+01 -0.174868193684222d+01
  0.340474547346011d+01 -0.172843348378959d+01
  0.343896373434745d+01 -0.170838820735369d+01
  0.347352589447404d+01 -0.168853878600790d+01
  0.350843541008469d+01 -0.166887856355269d+01
  0.354369577216005d+01 -0.164940156310367d+01
  0.357931050676572d+01 -0.163010249427222d+01
  0.361528317540483d+01 -0.161097675395144d+01
  0.365161737537423d+01 -0.159202041992075d+01
  0.368831674012419d+01 -0.157323023796111d+01
  0.372538493962177d+01 -0.155460360205379d+01
  0.376282568071782d+01 -0.153613852864495d+01
  0.380064270751763d+01 -0.151783362468494d+01
  0.383883980175540d+01 -0.149968805173574d+01
  0.387742078317240d+01 -0.148170148110646d+01
  0.391638950989891d+01 -0.146387406049916d+01
  0.395574987884008d+01 -0.144620633964519d+01
  0.399550582606560d+01 -0.142869926001137d+01
  0.403566132720332d+01 -0.141135406732774d+01
  0.407622039783683d+01 -0.139417229305587d+01
  0.411718709390698d+01 -0.137715565181171d+01
  0.415856551211753d+01 -0.136030604219919d+01
  0.420035979034477d+01 -0.134362550284906d+01
  0.424257410805135d+01 -0.132711612711162d+01
  0.428521268670423d+01 -0.131078004173773d+01
  0.432827979019681d+01 -0.129461936521617d+01
  0.437177972527531d+01 -0.127863617171121d+01
  0.441571684196951d+01 -0.126283245859396d+01
  0.446009553402768d+01 -0.124721011756824d+01
  0.450492023935600d+01 -0.123177090979368d+01
  0.455019544046238d+01 -0.121651644413753d+01
  0.459592566490465d+01 -0.120144816063788d+01
  0.464211548574336d+01 -0.118656731257207d+01
  0.468876952199908d+01 -0.117187496580737d+01
  0.473589243911433d+01 -0.115737196847152d+01
  0.478348894942007d+01 -0.114305897826007d+01
  0.483156381260701d+01 -0.112893642980250d+01
  0.488012183620153d+01 -0.111500456102235d+01
  0.492916787604646d+01 -0.110126337506280d+01
  0.497870683678664d+01 -0.108771268224557d+01
  0.502874367235943d+01 -0.107435210616002d+01
  0.507928338649010d+01 -0.106118106083711d+01
  0.513033103319216d+01 -0.104819877488520d+01
  0.518189171727283d+01 -0.103540429797053d+01
  0.523397059484349d+01 -0.102279650976229d+01
  0.528657287383529d+01 -0.101037412927184d+01
  0.533970381451996d+01 -0.998135724557854d+00
  0.539336873003586d+01 -0.986079722648453d+00
  0.544757298691925d+01 -0.974204419574043d+00
  0.550232200564098d+01 -0.962507990390832d+00
  0.555762126114857d+01 -0.950988499125798d+00
  0.561347628341364d+01 -0.939643908545577d+00
  0.566989265798496d+01 -0.928472089713549d+00
  0.572687602654700d+01 -0.917470831258136d+00
  0.578443208748412d+01 -0.906637848340029d+00
  0.584256659645036d+01 -0.895970791260842d+00
  0.590128536694506d+01 -0.885467253718233d+00
  0.596059427089421d+01 -0.875124780665718d+00
  0.602049923923763d+01 -0.864940875793996d+00
  0.608100626252208d+01 -0.854913008604904d+00
  0.614212139150030d+01 -0.845038621102978d+00
  0.620385073773612d+01 -0.835315134083718d+00
  0.626620047421560d+01 -0.825739953051613d+00
  0.632917683596436d+01 -0.816310473748481d+00
  0.639278612067105d+01 -0.807024087334998d+00
  0.645703468931714d+01 -0.797878185202465d+00
  0.652192896681305d+01 -0.788870163465176d+00
  0.658747544264059d+01 -0.779997427109578d+00
  0.665368067150199d+01 -0.771257393851168d+00
  0.672055127397528d+01 -0.762647497677585d+00
  0.678809393717645d+01 -0.754165192126621d+00
  0.685631541542810d+01 -0.745807953278568d+00
  0.692522253093491d+01 -0.737573282510904d+00
  0.699482217446585d+01 -0.729458708994158d+00
  0.706512130604327d+01 -0.721461791973092d+00
  0.713612695563892d+01 -0.713580122816263d+00
  0.720784622387693d+01 -0.705811326873760d+00
  0.728028628274388d+01 -0.698153065111495d+00
  0.735345437630603d+01 -0.690603035638516d+00
  0.742735782143372d+01 -0.683158974838891d+00
  0.750200400853303d+01 -0.675818659068257d+00
  0.757740040228488d+01 -0.668579903365132d+00
  0.765355454239149d+01 -0.661440570281648d+00
  0.773047404433031d+01 -0.654398554790499d+00
  0.780816660011566d+01 -0.647451798577756d+00
  0.788663997906784d+01 -0.640598289100607d+00
  0.796590202859015d+01 -0.633836107227603d+00
  0.804596067495359d+01 -0.627163367018429d+00
  0.812682392408952d+01 -0.620578171018315d+00
  0.820849986239023d+01 -0.614078667029806d+00
  0.829099665751763d+01 -0.607663048376922d+00
  0.837432255921996d+01 -0.601329553089190d+00
  0.845848590015683d+01 -0.595076463097281d+00
  0.854349509673249d+01 -0.588902103316470d+00
  0.862935864993742d+01 -0.582804840619109d+00
  0.871608514619850d+01 -0.576783082668686d+00
  0.880368325823763d+01 -0.570835276609342d+00
  0.889216174593901d+01 -0.564959907540306d+00
  0.898152945722514d+01 -0.559155496870465d+00
  0.907179532894163d+01 -0.553420600047827d+00
  0.916296838775087d+01 -0.547753805254397d+00
  0.925505775103472d+01 -0.542153727785964d+00
  0.934807262780624d+01 -0.536619017596302d+00
  0.944202231963063d+01 -0.531148312993760d+00
  0.953691622155536d+01 -0.525740384381527d+00
  0.963276382304970d+01 -0.520393840604068d+00
  0.972957470895368d+01 -0.515107367087946d+00
  0.982735856043656d+01 -0.509879682147095d+00
  0.992612515596498d+01 -0.504711265157294d+00
  0.100258843722808d+02 -0.499602607799579d+00
  0.101266461853888d+02 -0.494552460928165d+00
  0.102284206715542d+02 -0.489559632142735d+00
  0.103312180083104d+02 -0.484622983050422d+00
  0.104350484754769d+02 -0.479741426327321d+00
  0.105399224561869d+02 -0.474913922928101d+00
  0.106458504379257d+02 -0.470139479420926d+00
  0.107528430135799d+02 -0.465417145431612d+00
  0.108609108824962d+02 -0.460746011213789d+00
  0.109700648515516d+02 -0.456125205321255d+00
  0.110803158362338d+02 -0.451553892402166d+00
  0.111916748617333d+02 -0.447031271089353d+00
  0.113041530640454d+02 -0.442556572006475d+00
  0.114177616910841d+02 -0.438129055865455d+00
  0.115325121038067d+02 -0.433748011671898d+00
  0.116484157773502d+02 -0.429412755017714d+00
  0.117654843021784d+02 -0.425122626473282d+00
  0.118837293852414d+02 -0.420876990061677d+00
  0.120031628511461d+02 -0.416675231825755d+00
  0.121237966433386d+02 -0.412516758470504d+00
  0.122456428252987d+02 -0.408400996091444d+00
  0.123687135817460d+02 -0.404327388973061d+00
  0.124930212198587d+02 -0.400295398465037d+00
  0.126185781705044d+02 -0.396304501923523d+00
  0.127453969894826d+02 -0.392354191722850d+00
  0.128734903587809d+02 -0.388443974326867d+00
  0.130028710878431d+02 -0.384573369423667d+00
  0.131335521148498d+02 -0.380741909114977d+00
  0.132655465080127d+02 -0.376949137161433d+00
  0.133988674668810d+02 -0.373194608278063d+00
  0.135335283236618d+02 -0.369477887480005d+00
  0.136695425445529d+02 -0.365798549471573d+00
  0.138069237310898d+02 -0.362156178081828d+00
  0.139456856215056d+02 -0.358550365737290d+00
  0.140858420921050d+02 -0.354980712976784d+00
  0.142274071586519d+02 -0.351446827998110d+00
  0.143703949777708d+02 -0.347948326242738d+00
  0.145148198483629d+02 -0.344484830007418d+00
  0.146606962130356d+02 -0.341055968090023d+00
  0.148080386595468d+02 -0.337661375457807d+00
  0.149568619222641d+02 -0.334300692946471d+00
  0.151071808836376d+02 -0.330973566977537d+00
  0.152590105756889d+02 -0.327679649303431d+00
  0.154123661815137d+02 -0.324418596767187d+00
  0.155672630368003d+02 -0.321190071087087d+00
  0.157237166313633d+02 -0.317993738652590d+00
  0.158817426106926d+02 -0.314829270342790d+00
  0.160413567775179d+02 -0.311696341353150d+00
  0.162025750933887d+02 -0.308594631042685d+00
  0.163654136802710d+02 -0.305523822786739d+00
  0.165298888221592d+02 -0.302483603848416d+00
  0.166960169667047d+02 -0.299473665253235d+00
  0.168638147268601d+02 -0.296493701680920d+00
  0.170332988825415d+02 -0.293543411358305d+00
  0.172044863823057d+02 -0.290622495968130d+00
  0.173773943450451d+02 -0.287730660557080d+00
  0.175520400617003d+02 -0.284867613458695d+00
  0.177284409969884d+02 -0.282033066213900d+00
  0.179066147911499d+02 -0.279226733505559d+00
  0.180865792617128d+02 -0.276448333089244d+00
  0.182683524052741d+02 -0.273697585737371d+00
  0.184519523992996d+02 -0.270974215178310d+00
  0.186373976039416d+02 -0.268277948048361d+00
  0.188247065638753d+02 -0.265608513837628d+00
  0.190138980101527d+02 -0.262965644848396d+00
  0.192049908620761d+02 -0.260349076146460d+00
  0.193980042290898d+02 -0.257758545524703d+00
  0.195929574126916d+02 -0.255193793458821d+00
  0.197898699083621d+02 -0.252654563075126d+00
  0.199887614075151d+02 -0.250140600109776d+00
  0.201896517994662d+02 -0.247651652880028d+00
  0.203925611734220d+02 -0.245187472246270d+00
  0.205975098204890d+02 -0.242747811586074d+00
  0.208045182357027d+02 -0.240332426758464d+00
  0.210136071200772d+02 -0.237941076080267d+00
  0.212247973826750d+02 -0.235573520292165d+00
  0.214381101426985d+02 -0.233229522536933d+00
  0.216535667316014d+02 -0.230908848326927d+00
  0.218711886952222d+02 -0.228611265523882d+00
  0.220909977959385d+02 -0.226336544307563d+00
  0.223130160148437d+02 -0.224084457156871d+00
  0.225372655539446d+02 -0.221854778819441d+00
  0.227637688383820d+02 -0.219647286293864d+00
  0.229925485186731d+02 -0.217461758800055d+00
  0.232236274729766d+02 -0.215297977762449d+00
  0.234570288093805d+02 -0.213155726781009d+00
  0.236927758682129d+02 -0.211034791615280d+00
  0.239308922243762d+02 -0.208934960155939d+00
  0.241714016897044d+02 -0.206856022409609d+00
  0.244143283153445d+02 -0.204797770470890d+00
  0.246596963941614d+02 -0.202759998507858d+00
  0.249075304631676d+02 -0.200742502437214d+00
  0.251578553059764d+02 -0.198745081164778d+00
  0.254106959552808d+02 -0.196767534565219d+00
  0.256660776953564d+02 -0.194809664883959d+00
  0.259240260645899d+02 -0.192871276330653d+00
  0.261845668580334d+02 -0.190952175066591d+00
  0.264477261299832d+02 -0.189052169178271d+00
  0.267135301965859d+02 -0.187171068665311d+00
  0.269820056384695d+02 -0.185308685414290d+00
  0.272531793034021d+02 -0.183464833187146d+00
  0.275270783089761d+02 -0.181639327595290d+00
  0.278037300453202d+02 -0.179831986088486d+00
  0.280831621778388d+02 -0.178042627929219d+00
  0.283654026499779d+02 -0.176271074182052d+00
  0.286504796860199d+02 -0.174517147688253d+00
  0.289384217939059d+02 -0.172780673055604d+00
  0.292292577680868d+02 -0.171061476633289d+00
  0.295230166924023d+02 -0.169359386502152d+00
  0.298197279429896d+02 -0.167674232449829d+00
  0.301194211912211d+02 -0.166005845961455d+00
  0.304221264066713d+02 -0.164354060195035d+00
  0.307278738601140d+02 -0.162718709972584d+00
  0.310366941265494d+02 -0.161099631755736d+00
  0.313486180882614d+02 -0.159496663637314d+00
  0.316636769379062d+02 -0.157909645317164d+00
  0.319819021816313d+02 -0.156338418094149d+00
  0.323033256422262d+02 -0.154782824842208d+00
  0.326279794623049d+02 -0.153242710002761d+00
  0.329558961075198d+02 -0.151717919560988d+00
  0.332871083698089d+02 -0.150208301038639d+00
  0.336216493706743d+02 -0.148713703470526d+00
  0.339595525644949d+02 -0.147233977397735d+00
  0.343008517418716d+02 -0.145768974844328d+00
  0.346455810330067d+02 -0.144318549310937d+00
  0.349937749111165d+02 -0.142882555751681d+00
  0.353454681958790d+02 -0.141460850568136d+00
  0.357006960569157d+02 -0.140053291586460d+00
  0.360594940173088d+02 -0.138659738051732d+00
  0.364218979571533d+02 -0.137280050605277d+00
  0.367879441171452d+02 -0.135914091279370d+00
  0.371576691022056d+02 -0.134561723474761d+00
  0.375311098851409d+02 -0.133222811955732d+00
  0.379083038103409d+02 -0.131897222827815d+00
  0.382892885975122d+02 -0.130584823533204d+00
  0.386741023454511d+02 -0.129285482828654d+00
  0.390627835358531d+02 -0.127999070781243d+00
  0.394553710371611d+02 -0.126725458746454d+00
  0.398519041084524d+02 -0.125464519364272d+00
  0.402524224033646d+02 -0.124216126537449d+00
  0.406569659740610d+02 -0.122980155427929d+00
  0.410655752752356d+02 -0.121756482435296d+00
  0.414782911681592d+02 -0.120544985193515d+00
  0.418951549247650d+02 -0.119345542549558d+00
  0.423162082317759d+02 -0.118158034560466d+00
  0.427414931948737d+02 -0.116982342472136d+00
  0.431710523429090d+02 -0.115818348716702d+00
  0.436049286321546d+02 -0.114665936891489d+00
  0.440431654506010d+02 -0.113524991756691d+00
  0.444858066222952d+02 -0.112395399214498d+00
  0.449328964117233d+02 -0.111277046307068d+00
  0.453844795282367d+02 -0.110169821195818d+00
  0.458406011305235d+02 -0.109073613159683d+00
  0.463013068311239d+02 -0.107988312574568d+00
  0.467666427009920d+02 -0.106913810911895d+00
  0.472366552741026d+02 -0.105850000718211d+00
  0.477113915521046d+02 -0.104796775614009d+00
  0.481908990090214d+02 -0.103754030273493d+00
  0.486752255959983d+02 -0.102721660423678d+00
  0.491644197460976d+02 -0.101699562824292d+00
  0.496585303791421d+02 -0.100687635267156d+00
  0.501576069066067d+02 -0.996857765562317d-01
  0.506616992365601d+02 -0.986938865072606d-01
  0.511708577786554d+02 -0.977118659279562d-01
  0.516851334491711d+02 -0.967396166179044d-01
  0.522045776761028d+02 -0.957770413488947d-01
  0.527292424043060d+02 -0.948240438650740d-01
  0.532591801006909d+02 -0.938805288634168d-01
  0.537944437594686d+02 -0.929464019941272d-01
  0.543350869074512d+02 -0.920215698412420d-01
  0.548811636094039d+02 -0.911059399232798d-01
  0.554327284734519d+02 -0.901994206739748d-01
  0.559898366565414d+02 -0.893019214431639d-01
  0.565525438699549d+02 -0.884133524776522d-01
  0.571209063848827d+02 -0.875336249223333d-01
  0.576949810380499d+02 -0.866626508011814d-01
  0.582748252374002d+02 -0.858003430186023d-01
  0.588604969678368d+02 -0.849466153405490d-01
  0.594520547970207d+02 -0.841013823960985d-01
  0.600495578812279d+02 -0.832645596586895d-01
  0.606530659712646d+02 -0.824360634479199d-01
  0.612626394184429d+02 -0.816158109109029d-01
  0.618783391806154d+02 -0.808037200242826d-01
  0.625002268282714d+02 -0.799997095757064d-01
  0.631283645506939d+02 -0.792036991660523d-01
  0.637628151621786d+02 -0.784156091910173d-01
  0.644036421083155d+02 -0.776353608435518d-01
  0.650509094723330d+02 -0.768628760955604d-01
  0.657046819815070d+02 -0.760980777005407d-01
  0.663650250136333d+02 -0.753408891753942d-01
  0.670320046035653d+02 -0.745912348032644d-01
  0.677056874498178d+02 -0.738490396154568d-01
  0.683861409212369d+02 -0.731142293944725d-01
  0.690734330637368d+02 -0.723867306560331d-01
  0.697676326071045d+02 -0.716664706523077d-01
  0.704688089718727d+02 -0.709533773540414d-01
  0.711770322762624d+02 -0.702473794539695d-01
  0.718923733431940d+02 -0.695484063490491d-01
  0.726149037073705d+02 -0.688563881440572d-01
  0.733446956224303d+02 -0.681712556339214d-01
  0.740818220681732d+02 -0.674929403074999d-01
  0.748263567578579d+02 -0.668213743300097d-01
  0.755783741455740d+02 -0.661564905469834d-01
  0.763379494336867d+02 -0.654982224667938d-01
  0.771051585803581d+02 -0.648465042647840d-01
  0.778800783071419d+02 -0.642012707658863d-01
  0.786627861066568d+02 -0.635624574489222d-01
  0.794533602503349d+02 -0.629300004293138d-01
  0.802518797962493d+02 -0.623038364635506d-01
  0.810584245970202d+02 -0.616839029319911d-01
  0.818730753077997d+02 -0.610701378434934d-01
  0.826959133943377d+02 -0.604624798183046d-01
  0.835270211411287d+02 -0.598608680928529d-01
  0.843664816596399d+02 -0.592652425027228d-01
  0.852143788966226d+02 -0.586755434876051d-01
  0.860707976425073d+02 -0.580917120743563d-01
  0.869358235398821d+02 -0.575136898821033d-01
  0.878095430920577d+02 -0.569414191053864d-01
  0.886920436717173d+02 -0.563748425194139d-01
  0.895834135296544d+02 -0.558139034632878d-01
  0.904837418035975d+02 -0.552585458454067d-01
  0.913931185271244d+02 -0.547087141267704d-01
  0.923116346386651d+02 -0.541643533265282d-01
  0.932393819905964d+02 -0.536254090053632d-01
  0.941764533584264d+02 -0.530918272711813d-01
  0.951229424500730d+02 -0.525635547625733d-01
  0.960789439152339d+02 -0.520405386546433d-01
  0.970445533548524d+02 -0.515227266425457d-01
  0.980198673306771d+02 -0.510100669474503d-01
  0.990049833749184d+02 -0.505025083001541d-01
  0.100000000000002d+03 -0.499999999471796d-01
